
=============================================================================================================================================================================

                                                                             Core map (t=0)

=============================================================================================================================================================================
 Block average:
  Blk ID          Volume Fission neutron           Power      Absorption     Scalar flux
       9        0.001328    0.000000e+00    0.000000e+00    1.497176e+01    1.009458e+02
      20        0.001174    0.000000e+00    0.000000e+00    0.000000e+00    5.731868e+00
      40        0.001290    0.000000e+00    0.000000e+00    0.000000e+00    5.820988e+00
      71        0.000037    3.451713e+02    4.596402e-09    2.096163e+02    6.436833e+01
      72        0.000063    3.379827e+02    4.500691e-09    2.052215e+02    6.301082e+01
      73        0.000095    3.280044e+02    4.367889e-09    1.991439e+02    6.092176e+01
      74        0.000127    3.147395e+02    4.191335e-09    1.910186e+02    5.807373e+01
      75        0.000158    2.991364e+02    3.983739e-09    1.814352e+02    5.453790e+01
      76        0.000190    2.823696e+02    3.760717e-09    1.711253e+02    5.040811e+01
      77        0.000222    2.683079e+02    3.573935e-09    1.621842e+02    4.579901e+01
      78        0.000222    2.720382e+02    3.624585e-09    1.634136e+02    4.141526e+01
      79        0.000127    0.000000e+00    0.000000e+00    5.267995e+00    3.890277e+01
      81        0.000028    3.766805e+02    5.016604e-09    2.292672e+02    6.960350e+01
      82        0.000047    3.692641e+02    4.917853e-09    2.246852e+02    6.817507e+01
      83        0.000071    3.592934e+02    4.785134e-09    2.185662e+02    6.595421e+01
      84        0.000095    3.455032e+02    4.601597e-09    2.100823e+02    6.293083e+01
      85        0.000118    3.281652e+02    4.370835e-09    1.994300e+02    5.918381e+01
      86        0.000142    3.110487e+02    4.143173e-09    1.887922e+02    5.483324e+01
      87        0.000166    2.980245e+02    3.970229e-09    1.803032e+02    5.002735e+01
      88        0.000166    3.052574e+02    4.067633e-09    1.835602e+02    4.553719e+01
      89        0.000095    0.000000e+00    0.000000e+00    5.846272e+00    4.296959e+01
     101        0.000048    6.216938e+02    8.279604e-09    3.765091e+02    1.101267e+02
     102        0.000083    6.101018e+02    8.125262e-09    3.695034e+02    1.078893e+02
     103        0.000124    5.926499e+02    7.892929e-09    3.588331e+02    1.044379e+02
     104        0.000166    5.706216e+02    7.599748e-09    3.452898e+02    9.974786e+01
     105        0.000207    5.435287e+02    7.239196e-09    3.287566e+02    9.394612e+01
     106        0.000249    5.158064e+02    6.870461e-09    3.116386e+02    8.723135e+01
     107        0.000290    4.966107e+02    6.615728e-09    2.992288e+02    7.983231e+01
     108        0.000290    5.149952e+02    6.862539e-09    3.082482e+02    7.277664e+01
     124        0.000161    0.000000e+00    0.000000e+00    2.315762e+00    2.006988e+01
     125        0.000129    0.000000e+00    0.000000e+00    1.551254e+00    1.514117e+01
     126        0.000142    0.000000e+00    0.000000e+00    1.120154e+00    1.185342e+01
     127        0.000155    0.000000e+00    0.000000e+00    8.082605e-01    8.911334e+00
     128        0.000204    0.000000e+00    0.000000e+00    5.451890e-01    5.793979e+00
     129        0.000233    0.000000e+00    0.000000e+00    0.000000e+00    4.324148e+00
     130        0.000401    0.000000e+00    0.000000e+00    0.000000e+00    3.307522e+00
     133        0.000038    0.000000e+00    0.000000e+00    2.147675e+00    1.601536e+01
     134        0.000031    0.000000e+00    0.000000e+00    1.395620e+00    1.160647e+01
     135        0.000034    0.000000e+00    0.000000e+00    9.933689e-01    8.942279e+00
     136        0.000037    0.000000e+00    0.000000e+00    7.067809e-01    6.653937e+00
     137        0.000048    0.000000e+00    0.000000e+00    4.779261e-01    4.359597e+00
     138        0.000055    0.000000e+00    0.000000e+00    0.000000e+00    3.810902e+00
     139        0.000095    0.000000e+00    0.000000e+00    0.000000e+00    3.188557e+00
     201        0.000048    8.648718e+02    1.151816e-08    5.244993e+02    1.529650e+02
     202        0.000083    8.488138e+02    1.130439e-08    5.146741e+02    1.499005e+02
     203        0.000124    8.245939e+02    1.098197e-08    4.998750e+02    1.451663e+02
     204        0.000166    7.936799e+02    1.057049e-08    4.808830e+02    1.387443e+02
     205        0.000207    7.577774e+02    1.009273e-08    4.588477e+02    1.308253e+02
     206        0.000249    7.216154e+02    9.611824e-09    4.363834e+02    1.217000e+02
     207        0.000290    7.003031e+02    9.329363e-09    4.222031e+02    1.117208e+02
     208        0.000290    7.378731e+02    9.832739e-09    4.417555e+02    1.022586e+02
     210        0.000352    0.000000e+00    0.000000e+00    3.732314e+01    2.105337e+01
     251        0.000428    0.000000e+00    0.000000e+00    4.355545e+01    3.397453e+01
     301        0.000048    1.035982e+03    1.379699e-08    6.289852e+02    1.835526e+02
     302        0.000083    1.017694e+03    1.355349e-08    6.176792e+02    1.799207e+02
     303        0.000124    9.898630e+02    1.318301e-08    6.005100e+02    1.742967e+02
     304        0.000166    9.530536e+02    1.269308e-08    5.779820e+02    1.666518e+02
     305        0.000207    9.107180e+02    1.212977e-08    5.519663e+02    1.572268e+02
     306        0.000249    8.684758e+02    1.156800e-08    5.257000e+02    1.463825e+02
     307        0.000290    8.466354e+02    1.127883e-08    5.107519e+02    1.345690e+02
     308        0.000290    8.969839e+02    1.195308e-08    5.372872e+02    1.233881e+02
     340        0.000101    0.000000e+00    0.000000e+00    4.144721e+01    3.025195e+01
     401        0.000048    1.124838e+03    1.498034e-08    6.832216e+02    1.994804e+02
     402        0.000083    1.106324e+03    1.473387e-08    6.717538e+02    1.955641e+02
     403        0.000124    1.076314e+03    1.433439e-08    6.534609e+02    1.894819e+02
     404        0.000166    1.036809e+03    1.380854e-08    6.290439e+02    1.811985e+02
     405        0.000207    9.901511e+02    1.318770e-08    6.003460e+02    1.709979e+02
     406        0.000249    9.455094e+02    1.259408e-08    5.723840e+02    1.592584e+02
     407        0.000290    9.218855e+02    1.228133e-08    5.563241e+02    1.464781e+02
     408        0.000290    9.801087e+02    1.306082e-08    5.872498e+02    1.343973e+02
     410        0.000387    0.000000e+00    0.000000e+00    1.787219e+01    2.228720e+01
     501        0.000048    1.123999e+03    1.496914e-08    6.828184e+02    1.994742e+02
     502        0.000083    1.105571e+03    1.472381e-08    6.714593e+02    1.955613e+02
     503        0.000124    1.075737e+03    1.432670e-08    6.530475e+02    1.894795e+02
     504        0.000166    1.036163e+03    1.379995e-08    6.286696e+02    1.811954e+02
     505        0.000207    9.901675e+02    1.318793e-08    6.002991e+02    1.709967e+02
     506        0.000249    9.447240e+02    1.258360e-08    5.720533e+02    1.592503e+02
     507        0.000290    9.218489e+02    1.228085e-08    5.563595e+02    1.464708e+02
     508        0.000290    9.802684e+02    1.306294e-08    5.872898e+02    1.343970e+02
     601        0.000048    1.036649e+03    1.380585e-08    6.292450e+02    1.835898e+02
     602        0.000083    1.017024e+03    1.354456e-08    6.173765e+02    1.799410e+02
     603        0.000124    9.897708e+02    1.318177e-08    6.006378e+02    1.743128e+02
     604        0.000166    9.532894e+02    1.269622e-08    5.781350e+02    1.666601e+02
     605        0.000207    9.106455e+02    1.212878e-08    5.518829e+02    1.572349e+02
     606        0.000249    8.684820e+02    1.156810e-08    5.256928e+02    1.463805e+02
     607        0.000290    8.455070e+02    1.126378e-08    5.101297e+02    1.345592e+02
     608        0.000290    8.969691e+02    1.195287e-08    5.373062e+02    1.233777e+02
     701        0.000048    8.640306e+02    1.150697e-08    5.240680e+02    1.530429e+02
     702        0.000083    8.476208e+02    1.128845e-08    5.139865e+02    1.499826e+02
     703        0.000124    8.254511e+02    1.099337e-08    5.003284e+02    1.452378e+02
     704        0.000166    7.935312e+02    1.056848e-08    4.808809e+02    1.387931e+02
     705        0.000207    7.571345e+02    1.008412e-08    4.584423e+02    1.308508e+02
     706        0.000249    7.208922e+02    9.602162e-09    4.359886e+02    1.216979e+02
     707        0.000290    6.996735e+02    9.320946e-09    4.218326e+02    1.117042e+02
     708        0.000290    7.364883e+02    9.814232e-09    4.409579e+02    1.022205e+02
     801        0.000048    6.202793e+02    8.260592e-09    3.757030e+02    1.102811e+02
     802        0.000083    6.081130e+02    8.098592e-09    3.683572e+02    1.080242e+02
     803        0.000124    5.910154e+02    7.871025e-09    3.578191e+02    1.045374e+02
     804        0.000166    5.684557e+02    7.570764e-09    3.440661e+02    9.980416e+01
     805        0.000207    5.410920e+02    7.206598e-09    3.272828e+02    9.396027e+01
     806        0.000249    5.131279e+02    6.834661e-09    3.100444e+02    8.718483e+01
     807        0.000290    4.938430e+02    6.578737e-09    2.975011e+02    7.972167e+01
     808        0.000290    5.113542e+02    6.813914e-09    3.060938e+02    7.259977e+01
    1000        0.000209    0.000000e+00    0.000000e+00    4.881687e+01    9.931721e+01
    1100        0.000294    0.000000e+00    0.000000e+00    1.794034e+02    9.854230e+01
    1200        0.005069    0.000000e+00    0.000000e+00    7.633543e+00    8.908281e+01
    1300        0.004085    0.000000e+00    0.000000e+00    5.132499e+00    7.529289e+01
    1400        0.004491    0.000000e+00    0.000000e+00    3.812807e+00    6.359771e+01
    1401        0.000020    0.000000e+00    0.000000e+00    1.698153e+01    3.855911e+01
    1402        0.000015    0.000000e+00    0.000000e+00    1.902483e+01    4.259871e+01
    1500        0.004896    0.000000e+00    0.000000e+00    2.874392e+00    5.229089e+01
    1501        0.000028    0.000000e+00    0.000000e+00    5.903144e+01    3.738945e+01
    1502        0.000021    0.000000e+00    0.000000e+00    6.677410e+01    4.136754e+01
    1600        0.006456    0.000000e+00    0.000000e+00    2.099536e+00    4.036822e+01
    1601        0.000484    0.000000e+00    0.000000e+00    3.185633e+00    3.170505e+01
    1602        0.000361    0.000000e+00    0.000000e+00    3.358558e+00    3.538453e+01
    1700        0.007346    0.000000e+00    0.000000e+00    1.434730e+00    2.806604e+01
    1701        0.000390    0.000000e+00    0.000000e+00    2.123217e+00    2.509141e+01
    1702        0.000291    0.000000e+00    0.000000e+00    2.254573e+00    2.819687e+01
    1800        0.012663    0.000000e+00    0.000000e+00    7.680339e-01    1.368384e+01
    1801        0.000428    0.000000e+00    0.000000e+00    1.544835e+00    2.013894e+01
    1802        0.000320    0.000000e+00    0.000000e+00    1.648981e+00    2.269531e+01
    1901        0.000467    0.000000e+00    0.000000e+00    1.126146e+00    1.549002e+01
    1902        0.000349    0.000000e+00    0.000000e+00    1.207100e+00    1.749345e+01
    2001        0.000616    0.000000e+00    0.000000e+00    7.646428e-01    1.020136e+01
    2002        0.000460    0.000000e+00    0.000000e+00    8.208778e-01    1.151689e+01
    2101        0.000701    0.000000e+00    0.000000e+00    0.000000e+00    6.194430e+00
    2102        0.000523    0.000000e+00    0.000000e+00    0.000000e+00    6.758981e+00
    2201        0.001208    0.000000e+00    0.000000e+00    0.000000e+00    3.730016e+00
    2202        0.000902    0.000000e+00    0.000000e+00    0.000000e+00    3.868108e+00

 Block max:
  Blk ID Fission neutron           Power      Absorption     Scalar flux
       9    0.000000e+00    0.000000e+00    1.918859e+01    1.289154e+02
      20    0.000000e+00    0.000000e+00    0.000000e+00    1.499381e+01
      40    0.000000e+00    0.000000e+00    0.000000e+00    1.597703e+01
      71    3.476397e+02    4.629264e-09    2.111189e+02    6.486274e+01
      72    3.428551e+02    4.565549e-09    2.081843e+02    6.400414e+01
      73    3.348798e+02    4.459399e-09    2.033387e+02    6.238377e+01
      74    3.246420e+02    4.323125e-09    1.970656e+02    6.022197e+01
      75    3.109749e+02    4.141254e-09    1.886848e+02    5.723389e+01
      76    2.960920e+02    3.943229e-09    1.795888e+02    5.378954e+01
      77    2.792039e+02    3.718642e-09    1.692707e+02    4.964579e+01
      78    2.935591e+02    3.912037e-09    1.748646e+02    4.523921e+01
      79    0.000000e+00    0.000000e+00    5.400177e+00    4.033731e+01
      81    3.791277e+02    5.049184e-09    2.307674e+02    7.012374e+01
      82    3.741736e+02    4.983206e-09    2.276953e+02    6.922473e+01
      83    3.666030e+02    4.882436e-09    2.230556e+02    6.750894e+01
      84    3.559311e+02    4.740396e-09    2.164812e+02    6.521192e+01
      85    3.407511e+02    4.538312e-09    2.071514e+02    6.203938e+01
      86    3.252256e+02    4.331743e-09    1.975801e+02    5.839713e+01
      87    3.138751e+02    4.182720e-09    1.871984e+02    5.404615e+01
      88    3.305059e+02    4.404834e-09    1.970820e+02    4.948206e+01
      89    0.000000e+00    0.000000e+00    5.978840e+00    4.450600e+01
     101    6.259217e+02    8.335894e-09    3.790768e+02    1.109427e+02
     102    6.184101e+02    8.235865e-09    3.745566e+02    1.095285e+02
     103    6.046050e+02    8.052079e-09    3.661239e+02    1.068520e+02
     104    5.876723e+02    7.826706e-09    3.556890e+02    1.032844e+02
     105    5.637049e+02    7.507672e-09    3.410791e+02    9.836229e+01
     106    5.380164e+02    7.165846e-09    3.253342e+02    9.270886e+01
     107    5.345245e+02    7.123292e-09    3.170244e+02    8.593765e+01
     108    5.643511e+02    7.522391e-09    3.335697e+02    7.874875e+01
     124    0.000000e+00    0.000000e+00    3.015898e+00    2.463443e+01
     125    0.000000e+00    0.000000e+00    2.012166e+00    1.832462e+01
     126    0.000000e+00    0.000000e+00    1.380883e+00    1.395073e+01
     127    0.000000e+00    0.000000e+00    1.003920e+00    1.073080e+01
     128    0.000000e+00    0.000000e+00    7.067909e-01    7.462862e+00
     129    0.000000e+00    0.000000e+00    0.000000e+00    5.258321e+00
     130    0.000000e+00    0.000000e+00    0.000000e+00    4.675551e+00
     133    0.000000e+00    0.000000e+00    2.906267e+00    2.085263e+01
     134    0.000000e+00    0.000000e+00    1.837780e+00    1.430393e+01
     135    0.000000e+00    0.000000e+00    1.235520e+00    1.062682e+01
     136    0.000000e+00    0.000000e+00    8.833573e-01    8.068569e+00
     137    0.000000e+00    0.000000e+00    6.206820e-01    5.601707e+00
     138    0.000000e+00    0.000000e+00    0.000000e+00    4.598307e+00
     139    0.000000e+00    0.000000e+00    0.000000e+00    4.389549e+00
     201    8.705967e+02    1.159438e-08    5.279885e+02    1.540818e+02
     202    8.601731e+02    1.145561e-08    5.215973e+02    1.521471e+02
     203    8.410559e+02    1.120111e-08    5.099159e+02    1.484765e+02
     204    8.167448e+02    1.087749e-08    4.949716e+02    1.435828e+02
     205    7.847966e+02    1.045224e-08    4.753927e+02    1.368505e+02
     206    7.502858e+02    9.993056e-09    4.541634e+02    1.291338e+02
     207    7.717036e+02    1.028423e-08    4.574869e+02    1.199175e+02
     208    8.212013e+02    1.094633e-08    4.852806e+02    1.102235e+02
     210    0.000000e+00    0.000000e+00    4.447026e+01    2.781904e+01
     251    0.000000e+00    0.000000e+00    5.190095e+01    4.437350e+01
     301    1.042733e+03    1.388688e-08    6.331059e+02    1.848763e+02
     302    1.030886e+03    1.372910e-08    6.257504e+02    1.825861e+02
     303    1.009088e+03    1.343892e-08    6.122798e+02    1.782327e+02
     304    9.804800e+02    1.305813e-08    5.947469e+02    1.724133e+02
     305    9.425776e+02    1.255367e-08    5.715080e+02    1.643960e+02
     306    9.018064e+02    1.201117e-08    5.464336e+02    1.552131e+02
     307    9.421330e+02    1.255558e-08    5.586512e+02    1.442718e+02
     308    1.004667e+03    1.339198e-08    5.939493e+02    1.327964e+02
     340    0.000000e+00    0.000000e+00    5.041184e+01    3.981468e+01
     401    1.132080e+03    1.507676e-08    6.876533e+02    2.009075e+02
     402    1.120525e+03    1.492291e-08    6.804510e+02    1.984410e+02
     403    1.097059e+03    1.461053e-08    6.661644e+02    1.937429e+02
     404    1.066466e+03    1.420328e-08    6.471836e+02    1.874398e+02
     405    1.024314e+03    1.364223e-08    6.213250e+02    1.787578e+02
     406    9.813517e+02    1.307063e-08    5.946950e+02    1.688185e+02
     407    1.029443e+03    1.371919e-08    6.105240e+02    1.569790e+02
     408    1.100612e+03    1.467094e-08    6.508267e+02    1.445593e+02
     410    0.000000e+00    0.000000e+00    2.087554e+01    2.948152e+01
     501    1.131104e+03    1.506373e-08    6.871779e+02    2.009007e+02
     502    1.119421e+03    1.490817e-08    6.799708e+02    1.984374e+02
     503    1.096508e+03    1.460319e-08    6.657582e+02    1.937406e+02
     504    1.065947e+03    1.419638e-08    6.468844e+02    1.874371e+02
     505    1.024447e+03    1.364402e-08    6.213378e+02    1.787568e+02
     506    9.806245e+02    1.306092e-08    5.944016e+02    1.688135e+02
     507    1.029468e+03    1.371953e-08    6.106063e+02    1.569707e+02
     508    1.100673e+03    1.467174e-08    6.508128e+02    1.445570e+02
     601    1.043448e+03    1.389638e-08    6.333901e+02    1.849194e+02
     602    1.030356e+03    1.372203e-08    6.255220e+02    1.826147e+02
     603    1.009054e+03    1.343846e-08    6.124478e+02    1.782530e+02
     604    9.808059e+02    1.306247e-08    5.949534e+02    1.724258e+02
     605    9.424030e+02    1.255132e-08    5.713668e+02    1.644066e+02
     606    9.019610e+02    1.201324e-08    5.465100e+02    1.552179e+02
     607    9.406673e+02    1.253603e-08    5.578570e+02    1.442669e+02
     608    1.004802e+03    1.339376e-08    5.940517e+02    1.327882e+02
     701    8.695227e+02    1.158008e-08    5.274340e+02    1.541580e+02
     702    8.586406e+02    1.143513e-08    5.207351e+02    1.522293e+02
     703    8.419845e+02    1.121347e-08    5.104180e+02    1.485584e+02
     704    8.166549e+02    1.087625e-08    4.950054e+02    1.436478e+02
     705    7.842538e+02    1.044495e-08    4.750423e+02    1.368932e+02
     706    7.497220e+02    9.985518e-09    4.538644e+02    1.291503e+02
     707    7.706294e+02    1.026988e-08    4.568592e+02    1.199127e+02
     708    8.193598e+02    1.092173e-08    4.842355e+02    1.102018e+02
     801    6.245614e+02    8.317601e-09    3.783019e+02    1.111035e+02
     802    6.165568e+02    8.210997e-09    3.734893e+02    1.096783e+02
     803    6.031469e+02    8.032523e-09    3.652085e+02    1.069760e+02
     804    5.856086e+02    7.799079e-09    3.545238e+02    1.033705e+02
     805    5.612673e+02    7.475055e-09    3.396134e+02    9.841040e+01
     806    5.355656e+02    7.133074e-09    3.238815e+02    9.270840e+01
     807    5.314765e+02    7.082573e-09    3.151164e+02    8.587030e+01
     808    5.607821e+02    7.474728e-09    3.314612e+02    7.860537e+01
    1000    0.000000e+00    0.000000e+00    6.178385e+01    1.238933e+02
    1100    0.000000e+00    0.000000e+00    2.301136e+02    1.236141e+02
    1200    0.000000e+00    0.000000e+00    1.234643e+01    1.218860e+02
    1300    0.000000e+00    0.000000e+00    8.021317e+00    1.064192e+02
    1400    0.000000e+00    0.000000e+00    5.680106e+00    9.015438e+01
    1401    0.000000e+00    0.000000e+00    1.705231e+01    3.892627e+01
    1402    0.000000e+00    0.000000e+00    1.908998e+01    4.299679e+01
    1500    0.000000e+00    0.000000e+00    4.316390e+00    7.620571e+01
    1501    0.000000e+00    0.000000e+00    5.999229e+01    3.808128e+01
    1502    0.000000e+00    0.000000e+00    6.786963e+01    4.209306e+01
    1600    0.000000e+00    0.000000e+00    3.248063e+00    6.185573e+01
    1601    0.000000e+00    0.000000e+00    4.174475e+00    3.693110e+01
    1602    0.000000e+00    0.000000e+00    4.381154e+00    4.091546e+01
    1700    0.000000e+00    0.000000e+00    2.308231e+00    4.578049e+01
    1701    0.000000e+00    0.000000e+00    2.731490e+00    2.955678e+01
    1702    0.000000e+00    0.000000e+00    2.886143e+00    3.310872e+01
    1800    0.000000e+00    0.000000e+00    1.559707e+00    3.037137e+01
    1801    0.000000e+00    0.000000e+00    1.889151e+00    2.335103e+01
    1802    0.000000e+00    0.000000e+00    2.009406e+00    2.627403e+01
    1901    0.000000e+00    0.000000e+00    1.386209e+00    1.840820e+01
    1902    0.000000e+00    0.000000e+00    1.480894e+00    2.076144e+01
    2001    0.000000e+00    0.000000e+00    9.851704e-01    1.306509e+01
    2002    0.000000e+00    0.000000e+00    1.055203e+00    1.474993e+01
    2101    0.000000e+00    0.000000e+00    0.000000e+00    7.865445e+00
    2102    0.000000e+00    0.000000e+00    0.000000e+00    8.649508e+00
    2201    0.000000e+00    0.000000e+00    0.000000e+00    5.734717e+00
    2202    0.000000e+00    0.000000e+00    0.000000e+00    6.066533e+00

