
=============================================================================================================================================================================

                                                                             Core map (t=0)

=============================================================================================================================================================================
 Block average:
  Blk ID          Volume Fission neutron           Power      Absorption     Scalar flux
       9        0.001333    0.000000e+00    0.000000e+00    1.459326e+01    9.928715e+01
      20        0.001174    0.000000e+00    0.000000e+00    0.000000e+00    5.637024e+00
      40        0.001290    0.000000e+00    0.000000e+00    0.000000e+00    5.727569e+00
      71        0.000037    3.474662e+02    4.627325e-09    2.103791e+02    6.326292e+01
      72        0.000063    3.403659e+02    4.532758e-09    2.059594e+02    6.193054e+01
      73        0.000095    3.305991e+02    4.402769e-09    2.000415e+02    5.987779e+01
      74        0.000127    3.167484e+02    4.218387e-09    1.916635e+02    5.706886e+01
      75        0.000158    3.010296e+02    4.009245e-09    1.820583e+02    5.358567e+01
      76        0.000190    2.842132e+02    3.785547e-09    1.716447e+02    4.952482e+01
      77        0.000222    2.707449e+02    3.606650e-09    1.630699e+02    4.499970e+01
      78        0.000222    2.752749e+02    3.667945e-09    1.646508e+02    4.068950e+01
      79        0.000127    0.000000e+00    0.000000e+00    5.130996e+00    3.819557e+01
      81        0.000028    3.794619e+02    5.054021e-09    2.301784e+02    6.832123e+01
      82        0.000047    3.701397e+02    4.929834e-09    2.247321e+02    6.690279e+01
      83        0.000071    3.606996e+02    4.804210e-09    2.186723e+02    6.472018e+01
      84        0.000095    3.464774e+02    4.614879e-09    2.100875e+02    6.174406e+01
      85        0.000118    3.297120e+02    4.391741e-09    1.997038e+02    5.805791e+01
      86        0.000142    3.118910e+02    4.154678e-09    1.886903e+02    5.378066e+01
      87        0.000166    2.993998e+02    3.988825e-09    1.806654e+02    4.907491e+01
      88        0.000166    3.080362e+02    4.104924e-09    1.843846e+02    4.468558e+01
      89        0.000095    0.000000e+00    0.000000e+00    5.686258e+00    4.214771e+01
     101        0.000049    6.244293e+02    8.316660e-09    3.773676e+02    1.082309e+02
     102        0.000083    6.124281e+02    8.156836e-09    3.699575e+02    1.060381e+02
     103        0.000125    5.962627e+02    7.941653e-09    3.600046e+02    1.026463e+02
     104        0.000167    5.726034e+02    7.626686e-09    3.456489e+02    9.801779e+01
     105        0.000208    5.454942e+02    7.265891e-09    3.291453e+02    9.229918e+01
     106        0.000250    5.179179e+02    6.899097e-09    3.121291e+02    8.569143e+01
     107        0.000292    4.998082e+02    6.658802e-09    3.002544e+02    7.843131e+01
     108        0.000292    5.195925e+02    6.924254e-09    3.099142e+02    7.151150e+01
     124        0.000161    0.000000e+00    0.000000e+00    2.279851e+00    1.970457e+01
     125        0.000129    0.000000e+00    0.000000e+00    1.526981e+00    1.487634e+01
     126        0.000142    0.000000e+00    0.000000e+00    1.102669e+00    1.165247e+01
     127        0.000155    0.000000e+00    0.000000e+00    7.958070e-01    8.764494e+00
     128        0.000204    0.000000e+00    0.000000e+00    5.370693e-01    5.701680e+00
     129        0.000233    0.000000e+00    0.000000e+00    0.000000e+00    4.257156e+00
     130        0.000401    0.000000e+00    0.000000e+00    0.000000e+00    3.256692e+00
     133        0.000038    0.000000e+00    0.000000e+00    2.116668e+00    1.573618e+01
     134        0.000031    0.000000e+00    0.000000e+00    1.375405e+00    1.141353e+01
     135        0.000034    0.000000e+00    0.000000e+00    9.790276e-01    8.798260e+00
     136        0.000037    0.000000e+00    0.000000e+00    6.966908e-01    6.549728e+00
     137        0.000048    0.000000e+00    0.000000e+00    4.712976e-01    4.293555e+00
     138        0.000055    0.000000e+00    0.000000e+00    0.000000e+00    3.753990e+00
     139        0.000095    0.000000e+00    0.000000e+00    0.000000e+00    3.141110e+00
     201        0.000049    8.689648e+02    1.157358e-08    5.257685e+02    1.505435e+02
     202        0.000083    8.522423e+02    1.135085e-08    5.157126e+02    1.475247e+02
     203        0.000125    8.295948e+02    1.104939e-08    5.017713e+02    1.428639e+02
     204        0.000167    7.973369e+02    1.061997e-08    4.819858e+02    1.365250e+02
     205        0.000208    7.610814e+02    1.013744e-08    4.598030e+02    1.287106e+02
     206        0.000250    7.252015e+02    9.660281e-09    4.375241e+02    1.197155e+02
     207        0.000292    7.056331e+02    9.401052e-09    4.243136e+02    1.099100e+02
     208        0.000292    7.457499e+02    9.938341e-09    4.450324e+02    1.006058e+02
     210        0.000352    0.000000e+00    0.000000e+00    3.634220e+01    2.067329e+01
     251        0.000428    0.000000e+00    0.000000e+00    4.247337e+01    3.332856e+01
     301        0.000049    1.042697e+03    1.388748e-08    6.315766e+02    1.807750e+02
     302        0.000083    1.023827e+03    1.363619e-08    6.201985e+02    1.771781e+02
     303        0.000125    9.950213e+02    1.325271e-08    6.024697e+02    1.716229e+02
     304        0.000167    9.583973e+02    1.276522e-08    5.799638e+02    1.640739e+02
     305        0.000208    9.153567e+02    1.219243e-08    5.535457e+02    1.547796e+02
     306        0.000250    8.728092e+02    1.162658e-08    5.271060e+02    1.440819e+02
     307        0.000292    8.530932e+02    1.136568e-08    5.133464e+02    1.324684e+02
     308        0.000292    9.075146e+02    1.209421e-08    5.418787e+02    1.214663e+02
     340        0.000101    0.000000e+00    0.000000e+00    4.080607e+01    2.970573e+01
     401        0.000049    1.132306e+03    1.508097e-08    6.862631e+02    1.964768e+02
     402        0.000083    1.111862e+03    1.480868e-08    6.736570e+02    1.925869e+02
     403        0.000125    1.081910e+03    1.440996e-08    6.553304e+02    1.865675e+02
     404        0.000167    1.041509e+03    1.387219e-08    6.306955e+02    1.783974e+02
     405        0.000208    9.952034e+02    1.325596e-08    6.021564e+02    1.683429e+02
     406        0.000250    9.502896e+02    1.265870e-08    5.741593e+02    1.567753e+02
     407        0.000292    9.297054e+02    1.238640e-08    5.596457e+02    1.442145e+02
     408        0.000292    9.918619e+02    1.321832e-08    5.923388e+02    1.323386e+02
     410        0.000387    0.000000e+00    0.000000e+00    1.732411e+01    2.189535e+01
     501        0.000049    1.133091e+03    1.509136e-08    6.865692e+02    1.964792e+02
     502        0.000083    1.111231e+03    1.480032e-08    6.736341e+02    1.925760e+02
     503        0.000125    1.081173e+03    1.440020e-08    6.550729e+02    1.865670e+02
     504        0.000167    1.041346e+03    1.387002e-08    6.305296e+02    1.784042e+02
     505        0.000208    9.954528e+02    1.325928e-08    6.022692e+02    1.683559e+02
     506        0.000250    9.494752e+02    1.264782e-08    5.737391e+02    1.567849e+02
     507        0.000292    9.292676e+02    1.238057e-08    5.595004e+02    1.442198e+02
     508        0.000292    9.918783e+02    1.321852e-08    5.924041e+02    1.323383e+02
     601        0.000049    1.040801e+03    1.386222e-08    6.307998e+02    1.807672e+02
     602        0.000083    1.022536e+03    1.361897e-08    6.194246e+02    1.771828e+02
     603        0.000125    9.955192e+02    1.325931e-08    6.028283e+02    1.716463e+02
     604        0.000167    9.582066e+02    1.276265e-08    5.799655e+02    1.641106e+02
     605        0.000208    9.156294e+02    1.219604e-08    5.537464e+02    1.548207e+02
     606        0.000250    8.730911e+02    1.163034e-08    5.273890e+02    1.441253e+02
     607        0.000292    8.529471e+02    1.136372e-08    5.133062e+02    1.325003e+02
     608        0.000292    9.076385e+02    1.209585e-08    5.418790e+02    1.214887e+02
     701        0.000049    8.672657e+02    1.155084e-08    5.246627e+02    1.506450e+02
     702        0.000083    8.519592e+02    1.134707e-08    5.154948e+02    1.476410e+02
     703        0.000125    8.292510e+02    1.104478e-08    5.015304e+02    1.429819e+02
     704        0.000167    7.973876e+02    1.062062e-08    4.821089e+02    1.366353e+02
     705        0.000208    7.612023e+02    1.013907e-08    4.599513e+02    1.288011e+02
     706        0.000250    7.245198e+02    9.651184e-09    4.372567e+02    1.197811e+02
     707        0.000292    7.048569e+02    9.390674e-09    4.238801e+02    1.099536e+02
     708        0.000292    7.449190e+02    9.927218e-09    4.444841e+02    1.006228e+02
     801        0.000049    6.225718e+02    8.291753e-09    3.762163e+02    1.084792e+02
     802        0.000083    6.118403e+02    8.148850e-09    3.695128e+02    1.062708e+02
     803        0.000125    5.942860e+02    7.915164e-09    3.588377e+02    1.028436e+02
     804        0.000167    5.711620e+02    7.607363e-09    3.448110e+02    9.817079e+01
     805        0.000208    5.431548e+02    7.234597e-09    3.277030e+02    9.239986e+01
     806        0.000250    5.154781e+02    6.866457e-09    3.106678e+02    8.573169e+01
     807        0.000292    4.974891e+02    6.627796e-09    2.988772e+02    7.840105e+01
     808        0.000292    5.168406e+02    6.887483e-09    3.083470e+02    7.140245e+01
    1000        0.000210    0.000000e+00    0.000000e+00    4.747310e+01    9.768848e+01
    1100        0.000295    0.000000e+00    0.000000e+00    1.739040e+02    9.692525e+01
    1200        0.005088    0.000000e+00    0.000000e+00    7.538820e+00    8.765845e+01
    1300        0.004100    0.000000e+00    0.000000e+00    5.060520e+00    7.413760e+01
    1400        0.004508    0.000000e+00    0.000000e+00    3.756607e+00    6.265389e+01
    1401        0.000020    0.000000e+00    0.000000e+00    1.649891e+01    3.785918e+01
    1402        0.000015    0.000000e+00    0.000000e+00    1.846230e+01    4.178750e+01
    1500        0.004915    0.000000e+00    0.000000e+00    2.831076e+00    5.153855e+01
    1501        0.000028    0.000000e+00    0.000000e+00    5.715989e+01    3.671119e+01
    1502        0.000021    0.000000e+00    0.000000e+00    6.459894e+01    4.058056e+01
    1600        0.006481    0.000000e+00    0.000000e+00    2.067829e+00    3.980542e+01
    1601        0.000484    0.000000e+00    0.000000e+00    3.139826e+00    3.114388e+01
    1602        0.000361    0.000000e+00    0.000000e+00    3.306775e+00    3.472965e+01
    1700        0.007374    0.000000e+00    0.000000e+00    1.413472e+00    2.768729e+01
    1701        0.000390    0.000000e+00    0.000000e+00    2.090712e+00    2.466345e+01
    1702        0.000291    0.000000e+00    0.000000e+00    2.217924e+00    2.769554e+01
    1800        0.012711    0.000000e+00    0.000000e+00    7.574374e-01    1.350581e+01
    1801        0.000428    0.000000e+00    0.000000e+00    1.520689e+00    1.980509e+01
    1802        0.000320    0.000000e+00    0.000000e+00    1.621768e+00    2.230398e+01
    1901        0.000467    0.000000e+00    0.000000e+00    1.108526e+00    1.523981e+01
    1902        0.000349    0.000000e+00    0.000000e+00    1.187237e+00    1.720009e+01
    2001        0.000616    0.000000e+00    0.000000e+00    7.530335e-01    1.004154e+01
    2002        0.000460    0.000000e+00    0.000000e+00    8.078097e-01    1.132981e+01
    2101        0.000701    0.000000e+00    0.000000e+00    0.000000e+00    6.100692e+00
    2102        0.000523    0.000000e+00    0.000000e+00    0.000000e+00    6.653195e+00
    2201        0.001208    0.000000e+00    0.000000e+00    0.000000e+00    3.674582e+00
    2202        0.000902    0.000000e+00    0.000000e+00    0.000000e+00    3.808772e+00

 Block max:
  Blk ID Fission neutron           Power      Absorption     Scalar flux
       9    0.000000e+00    0.000000e+00    1.869637e+01    1.268632e+02
      20    0.000000e+00    0.000000e+00    0.000000e+00    1.472884e+01
      40    0.000000e+00    0.000000e+00    0.000000e+00    1.569760e+01
      71    3.499537e+02    4.660439e-09    2.118824e+02    6.374782e+01
      72    3.452296e+02    4.597499e-09    2.089042e+02    6.290546e+01
      73    3.375148e+02    4.494824e-09    2.042527e+02    6.131625e+01
      74    3.268766e+02    4.353193e-09    1.978175e+02    5.918673e+01
      75    3.129720e+02    4.168158e-09    1.893515e+02    5.624068e+01
      76    2.979412e+02    3.968146e-09    1.800870e+02    5.284944e+01
      77    2.811606e+02    3.744966e-09    1.698789e+02    4.877816e+01
      78    2.950785e+02    3.932495e-09    1.751541e+02    4.445212e+01
      79    0.000000e+00    0.000000e+00    5.258441e+00    3.960739e+01
      81    3.819334e+02    5.086925e-09    2.316923e+02    6.883699e+01
      82    3.751724e+02    4.996827e-09    2.278043e+02    6.794023e+01
      83    3.682637e+02    4.904910e-09    2.232749e+02    6.624881e+01
      84    3.568848e+02    4.753413e-09    2.164632e+02    6.398901e+01
      85    3.426034e+02    4.563303e-09    2.075672e+02    6.086725e+01
      86    3.261758e+02    4.344702e-09    1.975064e+02    5.728126e+01
      87    3.149850e+02    4.197762e-09    1.871849e+02    5.300876e+01
      88    3.314326e+02    4.417423e-09    1.968775e+02    4.855002e+01
      89    0.000000e+00    0.000000e+00    5.814454e+00    4.365574e+01
     101    6.286107e+02    8.372336e-09    3.799078e+02    1.090313e+02
     102    6.206698e+02    8.266561e-09    3.749637e+02    1.076459e+02
     103    6.083946e+02    8.103167e-09    3.673659e+02    1.050228e+02
     104    5.897842e+02    7.855390e-09    3.560975e+02    1.015060e+02
     105    5.659593e+02    7.538240e-09    3.416085e+02    9.665078e+01
     106    5.401396e+02    7.194663e-09    3.258066e+02    9.107986e+01
     107    5.377817e+02    7.167145e-09    3.181084e+02    8.442101e+01
     108    5.663345e+02    7.549237e-09    3.337674e+02    7.737724e+01
     124    0.000000e+00    0.000000e+00    2.970150e+00    2.417821e+01
     125    0.000000e+00    0.000000e+00    1.980951e+00    1.799702e+01
     126    0.000000e+00    0.000000e+00    1.359350e+00    1.371008e+01
     127    0.000000e+00    0.000000e+00    9.883258e-01    1.055089e+01
     128    0.000000e+00    0.000000e+00    6.960948e-01    7.341575e+00
     129    0.000000e+00    0.000000e+00    0.000000e+00    5.175849e+00
     130    0.000000e+00    0.000000e+00    0.000000e+00    4.602654e+00
     133    0.000000e+00    0.000000e+00    2.865090e+00    2.047836e+01
     134    0.000000e+00    0.000000e+00    1.811402e+00    1.406071e+01
     135    0.000000e+00    0.000000e+00    1.217723e+00    1.045281e+01
     136    0.000000e+00    0.000000e+00    8.706562e-01    7.940117e+00
     137    0.000000e+00    0.000000e+00    6.119628e-01    5.515251e+00
     138    0.000000e+00    0.000000e+00    0.000000e+00    4.528888e+00
     139    0.000000e+00    0.000000e+00    0.000000e+00    4.323387e+00
     201    8.746027e+02    1.164864e-08    5.291991e+02    1.516437e+02
     202    8.635489e+02    1.150137e-08    5.225799e+02    1.497370e+02
     203    8.464040e+02    1.127316e-08    5.119708e+02    1.461271e+02
     204    8.208427e+02    1.093286e-08    4.962914e+02    1.413009e+02
     205    7.885577e+02    1.050308e-08    4.765713e+02    1.346556e+02
     206    7.537143e+02    1.003945e-08    4.551970e+02    1.270410e+02
     207    7.769867e+02    1.035528e-08    4.596073e+02    1.179648e+02
     208    8.256413e+02    1.100610e-08    4.865987e+02    1.084484e+02
     210    0.000000e+00    0.000000e+00    4.338039e+01    2.732691e+01
     251    0.000000e+00    0.000000e+00    5.065755e+01    4.355337e+01
     301    1.049477e+03    1.397776e-08    6.357079e+02    1.820865e+02
     302    1.037207e+03    1.381432e-08    6.283465e+02    1.798153e+02
     303    1.014677e+03    1.351438e-08    6.144382e+02    1.755107e+02
     304    9.862021e+02    1.313534e-08    5.969316e+02    1.697607e+02
     305    9.475690e+02    1.262107e-08    5.732509e+02    1.618523e+02
     306    9.062508e+02    1.207125e-08    5.478612e+02    1.527891e+02
     307    9.487338e+02    1.264434e-08    5.613454e+02    1.420091e+02
     308    1.011199e+03    1.347978e-08    5.962079e+02    1.307376e+02
     340    0.000000e+00    0.000000e+00    4.964370e+01    3.911423e+01
     401    1.139595e+03    1.517801e-08    6.907058e+02    1.978941e+02
     402    1.126355e+03    1.500162e-08    6.824908e+02    1.954409e+02
     403    1.103198e+03    1.469337e-08    6.683117e+02    1.907793e+02
     404    1.071346e+03    1.426935e-08    6.489163e+02    1.845518e+02
     405    1.029597e+03    1.371360e-08    6.232295e+02    1.759950e+02
     406    9.860709e+02    1.313447e-08    5.964015e+02    1.661952e+02
     407    1.038129e+03    1.383581e-08    6.143420e+02    1.545371e+02
     408    1.107829e+03    1.476795e-08    6.532589e+02    1.423508e+02
     410    0.000000e+00    0.000000e+00    2.026068e+01    2.897548e+01
     501    1.140551e+03    1.519069e-08    6.910986e+02    1.979019e+02
     502    1.125807e+03    1.499438e-08    6.824997e+02    1.954340e+02
     503    1.102226e+03    1.468047e-08    6.679110e+02    1.907716e+02
     504    1.071268e+03    1.426832e-08    6.487910e+02    1.845544e+02
     505    1.029897e+03    1.371759e-08    6.233684e+02    1.760045e+02
     506    9.850475e+02    1.312081e-08    5.958793e+02    1.662071e+02
     507    1.037472e+03    1.382706e-08    6.140771e+02    1.545452e+02
     508    1.108086e+03    1.477136e-08    6.534595e+02    1.423519e+02
     601    1.047706e+03    1.395416e-08    6.350027e+02    1.820743e+02
     602    1.036104e+03    1.379960e-08    6.276834e+02    1.798118e+02
     603    1.014742e+03    1.351521e-08    6.145713e+02    1.755229e+02
     604    9.858611e+02    1.313076e-08    5.968330e+02    1.697909e+02
     605    9.476133e+02    1.262163e-08    5.733283e+02    1.618909e+02
     606    9.061803e+02    1.207032e-08    5.479681e+02    1.528340e+02
     607    9.481743e+02    1.263686e-08    5.610609e+02    1.420497e+02
     608    1.011177e+03    1.347947e-08    5.961178e+02    1.307674e+02
     701    8.727015e+02    1.162321e-08    5.279976e+02    1.517396e+02
     702    8.628280e+02    1.149176e-08    5.221535e+02    1.498463e+02
     703    8.456683e+02    1.126335e-08    5.115420e+02    1.462455e+02
     704    8.208268e+02    1.093262e-08    4.963925e+02    1.414194e+02
     705    7.888189e+02    1.050657e-08    4.767958e+02    1.347616e+02
     706    7.531957e+02    1.003252e-08    4.550204e+02    1.271248e+02
     707    7.757932e+02    1.033933e-08    4.589328e+02    1.180261e+02
     708    8.241636e+02    1.098635e-08    4.856840e+02    1.084879e+02
     801    6.268895e+02    8.349244e-09    3.788350e+02    1.092852e+02
     802    6.202433e+02    8.260720e-09    3.746153e+02    1.078916e+02
     803    6.063827e+02    8.076201e-09    3.661893e+02    1.052439e+02
     804    5.887073e+02    7.840922e-09    3.554592e+02    1.016919e+02
     805    5.637700e+02    7.508938e-09    3.402453e+02    9.679000e+01
     806    5.375931e+02    7.160594e-09    3.243118e+02    9.116800e+01
     807    5.347512e+02    7.126660e-09    3.163251e+02    8.444196e+01
     808    5.634866e+02    7.511188e-09    3.321562e+02    7.731397e+01
    1000    0.000000e+00    0.000000e+00    6.008117e+01    1.219175e+02
    1100    0.000000e+00    0.000000e+00    2.227926e+02    1.216339e+02
    1200    0.000000e+00    0.000000e+00    1.221739e+01    1.199445e+02
    1300    0.000000e+00    0.000000e+00    7.919111e+00    1.047964e+02
    1400    0.000000e+00    0.000000e+00    5.600809e+00    8.882911e+01
    1401    0.000000e+00    0.000000e+00    1.657455e+01    3.821914e+01
    1402    0.000000e+00    0.000000e+00    1.853252e+01    4.217723e+01
    1500    0.000000e+00    0.000000e+00    4.253750e+00    7.511925e+01
    1501    0.000000e+00    0.000000e+00    5.797032e+01    3.738982e+01
    1502    0.000000e+00    0.000000e+00    6.552276e+01    4.129184e+01
    1600    0.000000e+00    0.000000e+00    3.199993e+00    6.099793e+01
    1601    0.000000e+00    0.000000e+00    4.118361e+00    3.626446e+01
    1602    0.000000e+00    0.000000e+00    4.317512e+00    4.014159e+01
    1700    0.000000e+00    0.000000e+00    2.274193e+00    4.516349e+01
    1701    0.000000e+00    0.000000e+00    2.690922e+00    2.904252e+01
    1702    0.000000e+00    0.000000e+00    2.840344e+00    3.250689e+01
    1800    0.000000e+00    0.000000e+00    1.537482e+00    2.997251e+01
    1801    0.000000e+00    0.000000e+00    1.859953e+00    2.295767e+01
    1802    0.000000e+00    0.000000e+00    1.976494e+00    2.581291e+01
    1901    0.000000e+00    0.000000e+00    1.364499e+00    1.810611e+01
    1902    0.000000e+00    0.000000e+00    1.456459e+00    2.040717e+01
    2001    0.000000e+00    0.000000e+00    9.700195e-01    1.285660e+01
    2002    0.000000e+00    0.000000e+00    1.038145e+00    1.450546e+01
    2101    0.000000e+00    0.000000e+00    0.000000e+00    7.744794e+00
    2102    0.000000e+00    0.000000e+00    0.000000e+00    8.512071e+00
    2201    0.000000e+00    0.000000e+00    0.000000e+00    5.648075e+00
    2202    0.000000e+00    0.000000e+00    0.000000e+00    5.971806e+00

