
DETrmesh = [
    1    1    1    1     1     1     1    1    1    1  2.18988E+01 0.00218 
    2    1    1    1     1     1     1    1    1    2  6.54309E+01 0.00134 
    3    1    1    1     1     1     1    1    1    3  1.08859E+02 0.00107 
    4    1    1    1     1     1     1    1    1    4  1.51730E+02 0.00092 
    5    1    1    1     1     1     1    1    1    5  1.93741E+02 0.00080 
    6    1    1    1     1     1     1    1    1    6  4.30735E+01 0.00130 
    7    1    1    1     1     1     1    1    1    7  1.24399E+02 0.00092 
    8    1    1    1     1     1     1    1    1    8  2.43230E+02 0.00072 
    9    1    1    1     1     1     1    1    1    9  3.18812E+02 0.00064 
   10    1    1    1     1     1     1    1    1   10  3.74581E+02 0.00059 
   11    1    1    1     1     1     1    1    1   11  4.13572E+02 0.00052 
   12    1    1    1     1     1     1    1    1   12  4.35902E+02 0.00052 
   13    1    1    1     1     1     1    1    1   13  4.39916E+02 0.00052 
   14    1    1    1     1     1     1    1    1   14  4.21868E+02 0.00053 
   15    1    1    1     1     1     1    1    1   15  4.69207E+02 0.00050 
   16    1    1    1     1     1     1    1    1   16  5.22133E+02 0.00047 
   17    1    1    1     1     1     1    1    1   17  3.78980E+02 0.00054 
   18    1    1    1     1     1     1    1    1   18  4.66424E+02 0.00050 
   19    1    1    1     1     1     1    1    1   19  6.50976E+02 0.00042 
   20    1    1    1     1     1     1    1    1   20  7.45247E+02 0.00041 
   21    1    1    1     1     1     1    1    1   21  7.95947E+02 0.00040 
   22    1    1    1     1     1     1    1    1   22  8.10212E+02 0.00038 
   23    1    1    1     1     1     1    1    1   23  7.83573E+02 0.00039 
   24    1    1    1     1     1     1    1    1   24  7.03553E+02 0.00040 
   25    1    1    1     1     1     1    1    1   25  5.99545E+02 0.00043 
   26    1    1    1     1     1     1    1    1   26  7.98247E+02 0.00038 
   27    1    1    1     1     1     1    1    1   27  8.90556E+02 0.00037 
   28    1    1    1     1     1     1    1    1   28  8.17032E+02 0.00037 
   29    1    1    1     1     1     1    1    1   29  8.37526E+02 0.00038 
   30    1    1    1     1     1     1    1    1   30  1.03986E+03 0.00033 
   31    1    1    1     1     1     1    1    1   31  1.12513E+03 0.00033 
   32    1    1    1     1     1     1    1    1   32  1.14517E+03 0.00031 
   33    1    1    1     1     1     1    1    1   33  1.10437E+03 0.00032 
   34    1    1    1     1     1     1    1    1   34  1.01076E+03 0.00034 
   35    1    1    1     1     1     1    1    1   35  9.04102E+02 0.00035 
   36    1    1    1     1     1     1    1    1   36  8.47948E+02 0.00036 
   37    1    1    1     1     1     1    1    1   37  1.17028E+03 0.00031 
   38    1    1    1     1     1     1    1    1   38  1.28361E+03 0.00031 
   39    1    1    1     1     1     1    1    1   39  1.25255E+03 0.00030 
   40    1    1    1     1     1     1    1    1   40  1.18362E+03 0.00031 
   41    1    1    1     1     1     1    1    1   41  1.35999E+03 0.00029 
   42    1    1    1     1     1     1    1    1   42  1.40967E+03 0.00028 
   43    1    1    1     1     1     1    1    1   43  1.36402E+03 0.00029 
   44    1    1    1     1     1     1    1    1   44  1.23898E+03 0.00030 
   45    1    1    1     1     1     1    1    1   45  1.26495E+03 0.00029 
   46    1    1    1     1     1     1    1    1   46  1.12662E+03 0.00031 
   47    1    1    1     1     1     1    1    1   47  1.20427E+03 0.00031 
   48    1    1    1     1     1     1    1    1   48  1.52506E+03 0.00028 
   49    1    1    1     1     1     1    1    1   49  1.63792E+03 0.00026 
   50    1    1    1     1     1     1    1    1   50  1.62104E+03 0.00026 
   51    1    1    1     1     1     1    1    1   51  1.46880E+03 0.00028 
   52    1    1    1     1     1     1    1    1   52  1.56276E+03 0.00026 
   53    1    1    1     1     1     1    1    1   53  1.54884E+03 0.00028 
   54    1    1    1     1     1     1    1    1   54  1.47385E+03 0.00027 
   55    1    1    1     1     1     1    1    1   55  1.39672E+03 0.00028 
   56    1    1    1     1     1     1    1    1   56  1.58682E+03 0.00026 
   57    1    1    1     1     1     1    1    1   57  1.45362E+03 0.00027 
   58    1    1    1     1     1     1    1    1   58  1.51527E+03 0.00027 
   59    1    1    1     1     1     1    1    1   59  1.82364E+03 0.00025 
   60    1    1    1     1     1     1    1    1   60  1.91722E+03 0.00024 
   61    1    1    1     1     1     1    1    1   61  1.88036E+03 0.00025 
   62    1    1    1     1     1     1    1    1   62  1.67575E+03 0.00026 
   63    1    1    1     1     1     1    1    1   63  1.60484E+03 0.00026 
   64    1    1    1     1     1     1    1    1   64  1.64830E+03 0.00026 
   65    1    1    1     1     1     1    1    1   65  1.54877E+03 0.00026 
   66    1    1    1     1     1     1    1    1   66  1.75500E+03 0.00025 
   67    1    1    1     1     1     1    1    1   67  1.91413E+03 0.00024 
   68    1    1    1     1     1     1    1    1   68  1.79293E+03 0.00025 
   69    1    1    1     1     1     1    1    1   69  1.77824E+03 0.00026 
   70    1    1    1     1     1     1    1    1   70  2.06382E+03 0.00024 
   71    1    1    1     1     1     1    1    1   71  2.12610E+03 0.00023 
   72    1    1    1     1     1     1    1    1   72  2.04162E+03 0.00024 
   73    1    1    1     1     1     1    1    1   73  1.78664E+03 0.00025 
   74    1    1    1     1     1     1    1    1   74  1.66566E+03 0.00026 
   75    1    1    1     1     1     1    1    1   75  1.89678E+03 0.00024 
   76    1    1    1     1     1     1    1    1   76  1.81949E+03 0.00026 
   77    1    1    1     1     1     1    1    1   77  2.14472E+03 0.00024 
   78    1    1    1     1     1     1    1    1   78  2.29856E+03 0.00023 
   79    1    1    1     1     1     1    1    1   79  2.20300E+03 0.00024 
   80    1    1    1     1     1     1    1    1   80  2.09550E+03 0.00025 
   81    1    1    1     1     1     1    1    1   81  2.36801E+03 0.00023 
   82    1    1    1     1     1     1    1    1   82  2.39670E+03 0.00023 
   83    1    1    1     1     1     1    1    1   83  2.20902E+03 0.00024 
   84    1    1    1     1     1     1    1    1   84  1.67421E+03 0.00028 
   85    1    1    1     1     1     1    1    1   85  1.26083E+03 0.00032 
   86    1    1    1     1     1     1    1    1   86  1.09418E+03 0.00035 
   87    1    1    1     1     1     1    1    1   87  7.26018E+02 0.00041 
   88    1    1    1     1     1     1    1    1   88  6.41672E+02 0.00045 
   89    1    1    1     1     1     1    1    1   89  5.40788E+02 0.00048 
   90    1    1    1     1     1     1    1    1   90  3.26325E+02 0.00060 
   91    1    1    1     1     1     1    1    1   91  3.22438E+00 0.00210 
   92    1    1    1     1     1     1    1    1   92  9.02301E+00 0.00035 
   93    1    1    1     1     1     1    1    1   93  1.25791E+01 0.00032 
   94    1    1    1     1     1     1    1    1   94  1.22168E+01 0.00034 
   95    1    1    1     1     1     1    1    1   95  1.18890E+01 0.00033 
   96    1    1    1     1     1     1    1    1   96  1.15719E+01 0.00034 
   97    1    1    1     1     1     1    1    1   97  1.12745E+01 0.00034 
   98    1    1    1     1     1     1    1    1   98  1.10115E+01 0.00033 
   99    1    1    1     1     1     1    1    1   99  1.07315E+01 0.00034 
  100    1    1    1     1     1     1    1    1  100  1.04751E+01 0.00035 
  101    1    1    1     1     1     2    1    1    1  7.96358E+11 0.00222 
  102    1    1    1     1     1     2    1    1    2  2.37928E+12 0.00136 
  103    1    1    1     1     1     2    1    1    3  3.95829E+12 0.00109 
  104    1    1    1     1     1     2    1    1    4  5.51698E+12 0.00093 
  105    1    1    1     1     1     2    1    1    5  7.04425E+12 0.00081 
