
DETzmesh = [
    1    1    1    1     1     1     1    1    1    1  4.92068E+14 0.00243 
    2    1    1    1     1     1     1    2    1    1  5.97940E+14 0.00205 
    3    1    1    1     1     1     1    3    1    1  7.05889E+14 0.00194 
    4    1    1    1     1     1     1    4    1    1  8.22381E+14 0.00180 
    5    1    1    1     1     1     1    5    1    1  9.29657E+14 0.00164 
    6    1    1    1     1     1     1    6    1    1  1.02193E+15 0.00157 
    7    1    1    1     1     1     1    7    1    1  1.11996E+15 0.00146 
    8    1    1    1     1     1     1    8    1    1  1.20879E+15 0.00137 
    9    1    1    1     1     1     1    9    1    1  1.30021E+15 0.00131 
   10    1    1    1     1     1     1   10    1    1  1.38725E+15 0.00127 
   11    1    1    1     1     1     1   11    1    1  1.48087E+15 0.00123 
   12    1    1    1     1     1     1   12    1    1  1.57108E+15 0.00119 
   13    1    1    1     1     1     1   13    1    1  1.65973E+15 0.00112 
   14    1    1    1     1     1     1   14    1    1  1.74594E+15 0.00110 
   15    1    1    1     1     1     1   15    1    1  1.83293E+15 0.00111 
   16    1    1    1     1     1     1   16    1    1  1.91225E+15 0.00102 
   17    1    1    1     1     1     1   17    1    1  1.99454E+15 0.00099 
   18    1    1    1     1     1     1   18    1    1  2.07239E+15 0.00106 
   19    1    1    1     1     1     1   19    1    1  2.14762E+15 0.00099 
   20    1    1    1     1     1     1   20    1    1  2.22450E+15 0.00102 
   21    1    1    1     1     1     1   21    1    1  2.29608E+15 0.00095 
   22    1    1    1     1     1     1   22    1    1  2.36546E+15 0.00099 
   23    1    1    1     1     1     1   23    1    1  2.43039E+15 0.00092 
   24    1    1    1     1     1     1   24    1    1  2.50251E+15 0.00093 
   25    1    1    1     1     1     1   25    1    1  2.56313E+15 0.00096 
   26    1    1    1     1     1     1   26    1    1  2.62751E+15 0.00091 
   27    1    1    1     1     1     1   27    1    1  2.68213E+15 0.00092 
   28    1    1    1     1     1     1   28    1    1  2.73988E+15 0.00090 
   29    1    1    1     1     1     1   29    1    1  2.79592E+15 0.00089 
   30    1    1    1     1     1     1   30    1    1  2.85054E+15 0.00088 
   31    1    1    1     1     1     1   31    1    1  2.89969E+15 0.00088 
   32    1    1    1     1     1     1   32    1    1  2.95099E+15 0.00085 
   33    1    1    1     1     1     1   33    1    1  2.99622E+15 0.00086 
   34    1    1    1     1     1     1   34    1    1  3.03550E+15 0.00088 
   35    1    1    1     1     1     1   35    1    1  3.07817E+15 0.00085 
   36    1    1    1     1     1     1   36    1    1  3.11796E+15 0.00083 
   37    1    1    1     1     1     1   37    1    1  3.15132E+15 0.00081 
   38    1    1    1     1     1     1   38    1    1  3.18476E+15 0.00083 
   39    1    1    1     1     1     1   39    1    1  3.21369E+15 0.00085 
   40    1    1    1     1     1     1   40    1    1  3.24419E+15 0.00083 
   41    1    1    1     1     1     1   41    1    1  3.26792E+15 0.00082 
   42    1    1    1     1     1     1   42    1    1  3.29115E+15 0.00082 
   43    1    1    1     1     1     1   43    1    1  3.31057E+15 0.00082 
   44    1    1    1     1     1     1   44    1    1  3.33040E+15 0.00082 
   45    1    1    1     1     1     1   45    1    1  3.34845E+15 0.00081 
   46    1    1    1     1     1     1   46    1    1  3.35956E+15 0.00083 
   47    1    1    1     1     1     1   47    1    1  3.37739E+15 0.00082 
   48    1    1    1     1     1     1   48    1    1  3.38288E+15 0.00081 
   49    1    1    1     1     1     1   49    1    1  3.38712E+15 0.00081 
   50    1    1    1     1     1     1   50    1    1  3.39102E+15 0.00079 
   51    1    1    1     1     1     1   51    1    1  3.38750E+15 0.00078 
   52    1    1    1     1     1     1   52    1    1  3.39038E+15 0.00079 
   53    1    1    1     1     1     1   53    1    1  3.38178E+15 0.00079 
   54    1    1    1     1     1     1   54    1    1  3.37371E+15 0.00078 
   55    1    1    1     1     1     1   55    1    1  3.36293E+15 0.00083 
   56    1    1    1     1     1     1   56    1    1  3.35252E+15 0.00081 
   57    1    1    1     1     1     1   57    1    1  3.32919E+15 0.00079 
   58    1    1    1     1     1     1   58    1    1  3.31776E+15 0.00082 
   59    1    1    1     1     1     1   59    1    1  3.29589E+15 0.00080 
   60    1    1    1     1     1     1   60    1    1  3.26789E+15 0.00081 
   61    1    1    1     1     1     1   61    1    1  3.24929E+15 0.00081 
   62    1    1    1     1     1     1   62    1    1  3.22176E+15 0.00084 
   63    1    1    1     1     1     1   63    1    1  3.18749E+15 0.00086 
   64    1    1    1     1     1     1   64    1    1  3.15341E+15 0.00082 
   65    1    1    1     1     1     1   65    1    1  3.11316E+15 0.00085 
   66    1    1    1     1     1     1   66    1    1  3.08544E+15 0.00087 
   67    1    1    1     1     1     1   67    1    1  3.03553E+15 0.00082 
   68    1    1    1     1     1     1   68    1    1  2.99696E+15 0.00088 
   69    1    1    1     1     1     1   69    1    1  2.95088E+15 0.00085 
   70    1    1    1     1     1     1   70    1    1  2.90260E+15 0.00090 
   71    1    1    1     1     1     1   71    1    1  2.85565E+15 0.00090 
   72    1    1    1     1     1     1   72    1    1  2.80490E+15 0.00091 
   73    1    1    1     1     1     1   73    1    1  2.74653E+15 0.00088 
   74    1    1    1     1     1     1   74    1    1  2.69442E+15 0.00088 
   75    1    1    1     1     1     1   75    1    1  2.62965E+15 0.00091 
   76    1    1    1     1     1     1   76    1    1  2.56884E+15 0.00095 
   77    1    1    1     1     1     1   77    1    1  2.50595E+15 0.00094 
   78    1    1    1     1     1     1   78    1    1  2.44020E+15 0.00092 
   79    1    1    1     1     1     1   79    1    1  2.37418E+15 0.00100 
   80    1    1    1     1     1     1   80    1    1  2.30150E+15 0.00104 
   81    1    1    1     1     1     1   81    1    1  2.22678E+15 0.00100 
   82    1    1    1     1     1     1   82    1    1  2.15289E+15 0.00102 
   83    1    1    1     1     1     1   83    1    1  2.07823E+15 0.00101 
   84    1    1    1     1     1     1   84    1    1  1.99987E+15 0.00107 
   85    1    1    1     1     1     1   85    1    1  1.91732E+15 0.00105 
   86    1    1    1     1     1     1   86    1    1  1.83775E+15 0.00110 
   87    1    1    1     1     1     1   87    1    1  1.75267E+15 0.00114 
   88    1    1    1     1     1     1   88    1    1  1.66479E+15 0.00112 
   89    1    1    1     1     1     1   89    1    1  1.57581E+15 0.00118 
   90    1    1    1     1     1     1   90    1    1  1.48872E+15 0.00121 
   91    1    1    1     1     1     1   91    1    1  1.39386E+15 0.00124 
   92    1    1    1     1     1     1   92    1    1  1.30253E+15 0.00132 
   93    1    1    1     1     1     1   93    1    1  1.21344E+15 0.00138 
   94    1    1    1     1     1     1   94    1    1  1.12487E+15 0.00142 
   95    1    1    1     1     1     1   95    1    1  1.03453E+15 0.00156 
   96    1    1    1     1     1     1   96    1    1  9.40609E+14 0.00166 
   97    1    1    1     1     1     1   97    1    1  8.48104E+14 0.00168 
   98    1    1    1     1     1     1   98    1    1  7.47749E+14 0.00181 
   99    1    1    1     1     1     1   99    1    1  6.42632E+14 0.00202 
  100    1    1    1     1     1     1  100    1    1  5.27091E+14 0.00234 
  101    2    1    1     1     1     1    1    1    1  4.41185E+15 0.00080 
  102    2    1    1     1     1     1    2    1    1  5.09437E+15 0.00073 
  103    2    1    1     1     1     1    3    1    1  5.77378E+15 0.00067 
  104    2    1    1     1     1     1    4    1    1  6.39489E+15 0.00063 
  105    2    1    1     1     1     1    5    1    1  6.97544E+15 0.00061 
