
=============================================================================================================================================================================

                                                                             Core map (t=0)

=============================================================================================================================================================================
 Block average:
  Blk ID          Volume Fission neutron           Power      Absorption     Scalar flux
       9        0.001328    0.000000e+00    0.000000e+00    1.497178e+01    1.009459e+02
      20        0.001174    0.000000e+00    0.000000e+00    0.000000e+00    5.731967e+00
      40        0.001290    0.000000e+00    0.000000e+00    0.000000e+00    5.820985e+00
      71        0.000037    3.451730e+02    4.596424e-09    2.096174e+02    6.436894e+01
      72        0.000063    3.379843e+02    4.500712e-09    2.052226e+02    6.301141e+01
      73        0.000095    3.280059e+02    4.367908e-09    1.991449e+02    6.092231e+01
      74        0.000127    3.147408e+02    4.191353e-09    1.910195e+02    5.807424e+01
      75        0.000158    2.991374e+02    3.983753e-09    1.814360e+02    5.453833e+01
      76        0.000190    2.823702e+02    3.760725e-09    1.711258e+02    5.040846e+01
      77        0.000222    2.683085e+02    3.573943e-09    1.621846e+02    4.579926e+01
      78        0.000222    2.720409e+02    3.624621e-09    1.634152e+02    4.141543e+01
      79        0.000127    0.000000e+00    0.000000e+00    5.268221e+00    3.890289e+01
      81        0.000028    3.766990e+02    5.016850e-09    2.292780e+02    6.960489e+01
      82        0.000047    3.692822e+02    4.918094e-09    2.246958e+02    6.817643e+01
      83        0.000071    3.593109e+02    4.785368e-09    2.185765e+02    6.595553e+01
      84        0.000095    3.455199e+02    4.601820e-09    2.100921e+02    6.293208e+01
      85        0.000118    3.281809e+02    4.371043e-09    1.994392e+02    5.918496e+01
      86        0.000142    3.110630e+02    4.143364e-09    1.888006e+02    5.483428e+01
      87        0.000166    2.980374e+02    3.970402e-09    1.803108e+02    5.002826e+01
      88        0.000166    3.052697e+02    4.067796e-09    1.835673e+02    4.553795e+01
      89        0.000095    0.000000e+00    0.000000e+00    5.846529e+00    4.297023e+01
     101        0.000048    6.216988e+02    8.279671e-09    3.765121e+02    1.101275e+02
     102        0.000083    6.101067e+02    8.125327e-09    3.695063e+02    1.078900e+02
     103        0.000124    5.926547e+02    7.892992e-09    3.588360e+02    1.044387e+02
     104        0.000166    5.706261e+02    7.599807e-09    3.452925e+02    9.974856e+01
     105        0.000207    5.435328e+02    7.239251e-09    3.287591e+02    9.394677e+01
     106        0.000249    5.158101e+02    6.870511e-09    3.116408e+02    8.723193e+01
     107        0.000290    4.966139e+02    6.615771e-09    2.992308e+02    7.983282e+01
     108        0.000290    5.149986e+02    6.862584e-09    3.082503e+02    7.277710e+01
     124        0.000161    0.000000e+00    0.000000e+00    2.315888e+00    2.007037e+01
     125        0.000129    0.000000e+00    0.000000e+00    1.551318e+00    1.514142e+01
     126        0.000142    0.000000e+00    0.000000e+00    1.120191e+00    1.185358e+01
     127        0.000155    0.000000e+00    0.000000e+00    8.082818e-01    8.911432e+00
     128        0.000204    0.000000e+00    0.000000e+00    5.452000e-01    5.794032e+00
     129        0.000233    0.000000e+00    0.000000e+00    0.000000e+00    4.324177e+00
     130        0.000401    0.000000e+00    0.000000e+00    0.000000e+00    3.307542e+00
     133        0.000038    0.000000e+00    0.000000e+00    2.147731e+00    1.601534e+01
     134        0.000031    0.000000e+00    0.000000e+00    1.395639e+00    1.160646e+01
     135        0.000034    0.000000e+00    0.000000e+00    9.933786e-01    8.942283e+00
     136        0.000037    0.000000e+00    0.000000e+00    7.067863e-01    6.653945e+00
     137        0.000048    0.000000e+00    0.000000e+00    4.779290e-01    4.359605e+00
     138        0.000055    0.000000e+00    0.000000e+00    0.000000e+00    3.810910e+00
     139        0.000095    0.000000e+00    0.000000e+00    0.000000e+00    3.188564e+00
     201        0.000048    8.648741e+02    1.151819e-08    5.245007e+02    1.529654e+02
     202        0.000083    8.488160e+02    1.130441e-08    5.146755e+02    1.499009e+02
     203        0.000124    8.245960e+02    1.098200e-08    4.998763e+02    1.451667e+02
     204        0.000166    7.936820e+02    1.057052e-08    4.808842e+02    1.387447e+02
     205        0.000207    7.577794e+02    1.009276e-08    4.588489e+02    1.308256e+02
     206        0.000249    7.216173e+02    9.611850e-09    4.363846e+02    1.217003e+02
     207        0.000290    7.003051e+02    9.329389e-09    4.222043e+02    1.117211e+02
     208        0.000290    7.378753e+02    9.832767e-09    4.417567e+02    1.022589e+02
     210        0.000352    0.000000e+00    0.000000e+00    3.727639e+01    2.105565e+01
     251        0.000428    0.000000e+00    0.000000e+00    4.356661e+01    3.397632e+01
     301        0.000048    1.035983e+03    1.379700e-08    6.289857e+02    1.835527e+02
     302        0.000083    1.017695e+03    1.355350e-08    6.176797e+02    1.799208e+02
     303        0.000124    9.898638e+02    1.318302e-08    6.005104e+02    1.742968e+02
     304        0.000166    9.530544e+02    1.269309e-08    5.779824e+02    1.666519e+02
     305        0.000207    9.107188e+02    1.212978e-08    5.519668e+02    1.572269e+02
     306        0.000249    8.684767e+02    1.156801e-08    5.257006e+02    1.463826e+02
     307        0.000290    8.466363e+02    1.127884e-08    5.107525e+02    1.345691e+02
     308        0.000290    8.969851e+02    1.195310e-08    5.372879e+02    1.233882e+02
     340        0.000101    0.000000e+00    0.000000e+00    4.145518e+01    3.025249e+01
     401        0.000048    1.124838e+03    1.498034e-08    6.832215e+02    1.994803e+02
     402        0.000083    1.106324e+03    1.473387e-08    6.717537e+02    1.955640e+02
     403        0.000124    1.076314e+03    1.433438e-08    6.534608e+02    1.894818e+02
     404        0.000166    1.036809e+03    1.380854e-08    6.290439e+02    1.811984e+02
     405        0.000207    9.901511e+02    1.318770e-08    6.003460e+02    1.709979e+02
     406        0.000249    9.455096e+02    1.259409e-08    5.723841e+02    1.592584e+02
     407        0.000290    9.218858e+02    1.228133e-08    5.563242e+02    1.464781e+02
     408        0.000290    9.801092e+02    1.306083e-08    5.872501e+02    1.343973e+02
     410        0.000387    0.000000e+00    0.000000e+00    1.787817e+01    2.228716e+01
     501        0.000048    1.123999e+03    1.496914e-08    6.828181e+02    1.994740e+02
     502        0.000083    1.105571e+03    1.472380e-08    6.714590e+02    1.955612e+02
     503        0.000124    1.075737e+03    1.432670e-08    6.530472e+02    1.894793e+02
     504        0.000166    1.036162e+03    1.379995e-08    6.286694e+02    1.811953e+02
     505        0.000207    9.901672e+02    1.318792e-08    6.002990e+02    1.709966e+02
     506        0.000249    9.447238e+02    1.258360e-08    5.720532e+02    1.592502e+02
     507        0.000290    9.218489e+02    1.228085e-08    5.563594e+02    1.464708e+02
     508        0.000290    9.802686e+02    1.306294e-08    5.872899e+02    1.343970e+02
     601        0.000048    1.036648e+03    1.380585e-08    6.292448e+02    1.835898e+02
     602        0.000083    1.017024e+03    1.354456e-08    6.173764e+02    1.799410e+02
     603        0.000124    9.897706e+02    1.318176e-08    6.006377e+02    1.743128e+02
     604        0.000166    9.532893e+02    1.269622e-08    5.781350e+02    1.666600e+02
     605        0.000207    9.106454e+02    1.212878e-08    5.518829e+02    1.572349e+02
     606        0.000249    8.684820e+02    1.156810e-08    5.256927e+02    1.463805e+02
     607        0.000290    8.455070e+02    1.126378e-08    5.101297e+02    1.345592e+02
     608        0.000290    8.969692e+02    1.195287e-08    5.373062e+02    1.233777e+02
     701        0.000048    8.640311e+02    1.150698e-08    5.240683e+02    1.530431e+02
     702        0.000083    8.476213e+02    1.128845e-08    5.139868e+02    1.499827e+02
     703        0.000124    8.254516e+02    1.099337e-08    5.003286e+02    1.452379e+02
     704        0.000166    7.935316e+02    1.056848e-08    4.808812e+02    1.387933e+02
     705        0.000207    7.571350e+02    1.008412e-08    4.584426e+02    1.308509e+02
     706        0.000249    7.208926e+02    9.602168e-09    4.359889e+02    1.216980e+02
     707        0.000290    6.996738e+02    9.320951e-09    4.218328e+02    1.117042e+02
     708        0.000290    7.364885e+02    9.814235e-09    4.409580e+02    1.022206e+02
     801        0.000048    6.202790e+02    8.260588e-09    3.757030e+02    1.102815e+02
     802        0.000083    6.081127e+02    8.098588e-09    3.683572e+02    1.080245e+02
     803        0.000124    5.910151e+02    7.871021e-09    3.578190e+02    1.045377e+02
     804        0.000166    5.684553e+02    7.570759e-09    3.440660e+02    9.980444e+01
     805        0.000207    5.410916e+02    7.206592e-09    3.272827e+02    9.396052e+01
     806        0.000249    5.131273e+02    6.834653e-09    3.100442e+02    8.718503e+01
     807        0.000290    4.938421e+02    6.578725e-09    2.975007e+02    7.972183e+01
     808        0.000290    5.113530e+02    6.813898e-09    3.060932e+02    7.259989e+01
    1000        0.000209    0.000000e+00    0.000000e+00    4.881696e+01    9.931735e+01
    1100        0.000294    0.000000e+00    0.000000e+00    1.794036e+02    9.854243e+01
    1200        0.005069    0.000000e+00    0.000000e+00    7.633560e+00    8.908294e+01
    1300        0.004085    0.000000e+00    0.000000e+00    5.132511e+00    7.529300e+01
    1400        0.004491    0.000000e+00    0.000000e+00    3.812816e+00    6.359781e+01
    1401        0.000020    0.000000e+00    0.000000e+00    1.698227e+01    3.855921e+01
    1402        0.000015    0.000000e+00    0.000000e+00    1.902568e+01    4.259934e+01
    1500        0.004896    0.000000e+00    0.000000e+00    2.874399e+00    5.229098e+01
    1501        0.000028    0.000000e+00    0.000000e+00    5.903326e+01    3.738953e+01
    1502        0.000021    0.000000e+00    0.000000e+00    6.677690e+01    4.136813e+01
    1600        0.006456    0.000000e+00    0.000000e+00    2.099541e+00    4.036828e+01
    1601        0.000484    0.000000e+00    0.000000e+00    3.185698e+00    3.170511e+01
    1602        0.000361    0.000000e+00    0.000000e+00    3.358632e+00    3.538499e+01
    1700        0.007346    0.000000e+00    0.000000e+00    1.434733e+00    2.806609e+01
    1701        0.000390    0.000000e+00    0.000000e+00    2.123244e+00    2.509145e+01
    1702        0.000291    0.000000e+00    0.000000e+00    2.254619e+00    2.819717e+01
    1800        0.012663    0.000000e+00    0.000000e+00    7.680358e-01    1.368386e+01
    1801        0.000428    0.000000e+00    0.000000e+00    1.544849e+00    2.013898e+01
    1802        0.000320    0.000000e+00    0.000000e+00    1.649011e+00    2.269552e+01
    1901        0.000467    0.000000e+00    0.000000e+00    1.126155e+00    1.549004e+01
    1902        0.000349    0.000000e+00    0.000000e+00    1.207120e+00    1.749359e+01
    2001        0.000616    0.000000e+00    0.000000e+00    7.646479e-01    1.020138e+01
    2002        0.000460    0.000000e+00    0.000000e+00    8.208908e-01    1.151698e+01
    2101        0.000701    0.000000e+00    0.000000e+00    0.000000e+00    6.194442e+00
    2102        0.000523    0.000000e+00    0.000000e+00    0.000000e+00    6.759026e+00
    2201        0.001208    0.000000e+00    0.000000e+00    0.000000e+00    3.730023e+00
    2202        0.000902    0.000000e+00    0.000000e+00    0.000000e+00    3.868135e+00

 Block max:
  Blk ID Fission neutron           Power      Absorption     Scalar flux
       9    0.000000e+00    0.000000e+00    1.918859e+01    1.289154e+02
      20    0.000000e+00    0.000000e+00    0.000000e+00    1.499452e+01
      40    0.000000e+00    0.000000e+00    0.000000e+00    1.597681e+01
      71    3.476414e+02    4.629286e-09    2.111200e+02    6.486336e+01
      72    3.428568e+02    4.565571e-09    2.081855e+02    6.400475e+01
      73    3.348814e+02    4.459420e-09    2.033398e+02    6.238435e+01
      74    3.246435e+02    4.323144e-09    1.970666e+02    6.022252e+01
      75    3.109761e+02    4.141271e-09    1.886857e+02    5.723438e+01
      76    2.960929e+02    3.943241e-09    1.795895e+02    5.378996e+01
      77    2.792043e+02    3.718648e-09    1.692711e+02    4.964612e+01
      78    2.935691e+02    3.912171e-09    1.748702e+02    4.523944e+01
      79    0.000000e+00    0.000000e+00    5.400445e+00    4.033748e+01
      81    3.791463e+02    5.049432e-09    2.307783e+02    7.012514e+01
      82    3.741920e+02    4.983450e-09    2.277061e+02    6.922612e+01
      83    3.666210e+02    4.882675e-09    2.230661e+02    6.751029e+01
      84    3.559484e+02    4.740627e-09    2.164914e+02    6.521322e+01
      85    3.407676e+02    4.538532e-09    2.071611e+02    6.204060e+01
      86    3.252410e+02    4.331948e-09    1.975892e+02    5.839826e+01
      87    3.138877e+02    4.182888e-09    1.872067e+02    5.404718e+01
      88    3.305210e+02    4.405035e-09    1.970907e+02    4.948295e+01
      89    0.000000e+00    0.000000e+00    5.979114e+00    4.450671e+01
     101    6.259268e+02    8.335962e-09    3.790798e+02    1.109435e+02
     102    6.184152e+02    8.235932e-09    3.745596e+02    1.095293e+02
     103    6.046099e+02    8.052144e-09    3.661268e+02    1.068527e+02
     104    5.876770e+02    7.826768e-09    3.556918e+02    1.032851e+02
     105    5.637094e+02    7.507731e-09    3.410817e+02    9.836297e+01
     106    5.380204e+02    7.165900e-09    3.253366e+02    9.270950e+01
     107    5.345283e+02    7.123342e-09    3.170266e+02    8.593822e+01
     108    5.643552e+02    7.522446e-09    3.335721e+02    7.874926e+01
     124    0.000000e+00    0.000000e+00    3.016084e+00    2.463518e+01
     125    0.000000e+00    0.000000e+00    2.012263e+00    1.832500e+01
     126    0.000000e+00    0.000000e+00    1.380936e+00    1.395095e+01
     127    0.000000e+00    0.000000e+00    1.003951e+00    1.073094e+01
     128    0.000000e+00    0.000000e+00    7.068083e-01    7.462940e+00
     129    0.000000e+00    0.000000e+00    0.000000e+00    5.258362e+00
     130    0.000000e+00    0.000000e+00    0.000000e+00    4.675582e+00
     133    0.000000e+00    0.000000e+00    2.906399e+00    2.085261e+01
     134    0.000000e+00    0.000000e+00    1.837812e+00    1.430391e+01
     135    0.000000e+00    0.000000e+00    1.235534e+00    1.062682e+01
     136    0.000000e+00    0.000000e+00    8.833653e-01    8.068574e+00
     137    0.000000e+00    0.000000e+00    6.206864e-01    5.601715e+00
     138    0.000000e+00    0.000000e+00    0.000000e+00    4.598316e+00
     139    0.000000e+00    0.000000e+00    0.000000e+00    4.389558e+00
     201    8.705990e+02    1.159441e-08    5.279899e+02    1.540821e+02
     202    8.601753e+02    1.145564e-08    5.215986e+02    1.521475e+02
     203    8.410581e+02    1.120114e-08    5.099172e+02    1.484769e+02
     204    8.167469e+02    1.087752e-08    4.949728e+02    1.435832e+02
     205    7.847987e+02    1.045227e-08    4.753939e+02    1.368508e+02
     206    7.502878e+02    9.993082e-09    4.541646e+02    1.291341e+02
     207    7.717058e+02    1.028426e-08    4.574882e+02    1.199178e+02
     208    8.212038e+02    1.094636e-08    4.852821e+02    1.102238e+02
     210    0.000000e+00    0.000000e+00    4.440240e+01    2.782215e+01
     251    0.000000e+00    0.000000e+00    5.191371e+01    4.437598e+01
     301    1.042734e+03    1.388689e-08    6.331064e+02    1.848764e+02
     302    1.030887e+03    1.372911e-08    6.257508e+02    1.825862e+02
     303    1.009089e+03    1.343893e-08    6.122802e+02    1.782328e+02
     304    9.804807e+02    1.305814e-08    5.947474e+02    1.724134e+02
     305    9.425784e+02    1.255369e-08    5.715084e+02    1.643961e+02
     306    9.018072e+02    1.201118e-08    5.464341e+02    1.552132e+02
     307    9.421343e+02    1.255560e-08    5.586519e+02    1.442719e+02
     308    1.004669e+03    1.339200e-08    5.939501e+02    1.327965e+02
     340    0.000000e+00    0.000000e+00    5.042008e+01    3.981561e+01
     401    1.132079e+03    1.507675e-08    6.876532e+02    2.009074e+02
     402    1.120525e+03    1.492291e-08    6.804509e+02    1.984409e+02
     403    1.097059e+03    1.461053e-08    6.661643e+02    1.937428e+02
     404    1.066466e+03    1.420328e-08    6.471835e+02    1.874398e+02
     405    1.024314e+03    1.364223e-08    6.213250e+02    1.787578e+02
     406    9.813517e+02    1.307063e-08    5.946950e+02    1.688184e+02
     407    1.029444e+03    1.371919e-08    6.105243e+02    1.569790e+02
     408    1.100613e+03    1.467096e-08    6.508272e+02    1.445593e+02
     410    0.000000e+00    0.000000e+00    2.087764e+01    2.948157e+01
     501    1.131103e+03    1.506373e-08    6.871776e+02    2.009005e+02
     502    1.119421e+03    1.490817e-08    6.799705e+02    1.984372e+02
     503    1.096507e+03    1.460318e-08    6.657579e+02    1.937405e+02
     504    1.065947e+03    1.419638e-08    6.468842e+02    1.874369e+02
     505    1.024447e+03    1.364402e-08    6.213376e+02    1.787567e+02
     506    9.806243e+02    1.306092e-08    5.944014e+02    1.688134e+02
     507    1.029469e+03    1.371953e-08    6.106065e+02    1.569706e+02
     508    1.100673e+03    1.467175e-08    6.508130e+02    1.445569e+02
     601    1.043448e+03    1.389638e-08    6.333899e+02    1.849193e+02
     602    1.030356e+03    1.372203e-08    6.255219e+02    1.826146e+02
     603    1.009054e+03    1.343846e-08    6.124477e+02    1.782530e+02
     604    9.808057e+02    1.306247e-08    5.949533e+02    1.724257e+02
     605    9.424029e+02    1.255132e-08    5.713667e+02    1.644066e+02
     606    9.019609e+02    1.201324e-08    5.465100e+02    1.552179e+02
     607    9.406674e+02    1.253603e-08    5.578571e+02    1.442669e+02
     608    1.004802e+03    1.339376e-08    5.940519e+02    1.327882e+02
     701    8.695233e+02    1.158009e-08    5.274343e+02    1.541581e+02
     702    8.586411e+02    1.143514e-08    5.207354e+02    1.522294e+02
     703    8.419850e+02    1.121347e-08    5.104183e+02    1.485585e+02
     704    8.166554e+02    1.087626e-08    4.950057e+02    1.436479e+02
     705    7.842543e+02    1.044496e-08    4.750426e+02    1.368933e+02
     706    7.497225e+02    9.985524e-09    4.538647e+02    1.291504e+02
     707    7.706295e+02    1.026988e-08    4.568593e+02    1.199128e+02
     708    8.193599e+02    1.092173e-08    4.842356e+02    1.102019e+02
     801    6.245611e+02    8.317597e-09    3.783019e+02    1.111039e+02
     802    6.165566e+02    8.210993e-09    3.734892e+02    1.096786e+02
     803    6.031466e+02    8.032519e-09    3.652084e+02    1.069763e+02
     804    5.856083e+02    7.799074e-09    3.545237e+02    1.033708e+02
     805    5.612669e+02    7.475050e-09    3.396132e+02    9.841067e+01
     806    5.355651e+02    7.133068e-09    3.238813e+02    9.270864e+01
     807    5.314756e+02    7.082560e-09    3.151159e+02    8.587049e+01
     808    5.607812e+02    7.474715e-09    3.314607e+02    7.860551e+01
    1000    0.000000e+00    0.000000e+00    6.178389e+01    1.238933e+02
    1100    0.000000e+00    0.000000e+00    2.301138e+02    1.236141e+02
    1200    0.000000e+00    0.000000e+00    1.234643e+01    1.218861e+02
    1300    0.000000e+00    0.000000e+00    8.021319e+00    1.064192e+02
    1400    0.000000e+00    0.000000e+00    5.680109e+00    9.015444e+01
    1401    0.000000e+00    0.000000e+00    1.705309e+01    3.892637e+01
    1402    0.000000e+00    0.000000e+00    1.909086e+01    4.299743e+01
    1500    0.000000e+00    0.000000e+00    4.316393e+00    7.620578e+01
    1501    0.000000e+00    0.000000e+00    5.999448e+01    3.808136e+01
    1502    0.000000e+00    0.000000e+00    6.787264e+01    4.209366e+01
    1600    0.000000e+00    0.000000e+00    3.248065e+00    6.185579e+01
    1601    0.000000e+00    0.000000e+00    4.174587e+00    3.693117e+01
    1602    0.000000e+00    0.000000e+00    4.381250e+00    4.091603e+01
    1700    0.000000e+00    0.000000e+00    2.308234e+00    4.578053e+01
    1701    0.000000e+00    0.000000e+00    2.731536e+00    2.955682e+01
    1702    0.000000e+00    0.000000e+00    2.886206e+00    3.310912e+01
    1800    0.000000e+00    0.000000e+00    1.559709e+00    3.037139e+01
    1801    0.000000e+00    0.000000e+00    1.889173e+00    2.335107e+01
    1802    0.000000e+00    0.000000e+00    2.009445e+00    2.627429e+01
    1901    0.000000e+00    0.000000e+00    1.386221e+00    1.840823e+01
    1902    0.000000e+00    0.000000e+00    1.480920e+00    2.076161e+01
    2001    0.000000e+00    0.000000e+00    9.851777e-01    1.306512e+01
    2002    0.000000e+00    0.000000e+00    1.055220e+00    1.475004e+01
    2101    0.000000e+00    0.000000e+00    0.000000e+00    7.865461e+00
    2102    0.000000e+00    0.000000e+00    0.000000e+00    8.649569e+00
    2201    0.000000e+00    0.000000e+00    0.000000e+00    5.734728e+00
    2202    0.000000e+00    0.000000e+00    0.000000e+00    6.066576e+00

