
=============================================================================================================================================================================

                                                                             Core map (t=0)

=============================================================================================================================================================================
 Block average:
  Blk ID          Volume Fission neutron           Power      Absorption     Scalar flux
       9        0.001341    0.000000e+00    0.000000e+00    1.471949e+01    9.962633e+01
      20        0.001174    0.000000e+00    0.000000e+00    0.000000e+00    5.636815e+00
      40        0.001290    0.000000e+00    0.000000e+00    0.000000e+00    5.726674e+00
      71        0.000037    3.409114e+02    4.539865e-09    2.069325e+02    6.311293e+01
      72        0.000063    3.350963e+02    4.462475e-09    2.033693e+02    6.179511e+01
      73        0.000095    3.252169e+02    4.330975e-09    1.972800e+02    5.974975e+01
      74        0.000127    3.118589e+02    4.153162e-09    1.891379e+02    5.696238e+01
      75        0.000158    2.965032e+02    3.948832e-09    1.797694e+02    5.349484e+01
      76        0.000190    2.792938e+02    3.719902e-09    1.691690e+02    4.945147e+01
      77        0.000222    2.665040e+02    3.550062e-09    1.609167e+02    4.494729e+01
      78        0.000222    2.707276e+02    3.607273e-09    1.624142e+02    4.066232e+01
      79        0.000127    0.000000e+00    0.000000e+00    5.156493e+00    3.819784e+01
      81        0.000028    3.730911e+02    4.968985e-09    2.269534e+02    6.819335e+01
      82        0.000047    3.658386e+02    4.872454e-09    2.224154e+02    6.678950e+01
      83        0.000071    3.548594e+02    4.726298e-09    2.156924e+02    6.460792e+01
      84        0.000095    3.412172e+02    4.544694e-09    2.073621e+02    6.164639e+01
      85        0.000118    3.252417e+02    4.332103e-09    1.974804e+02    5.799278e+01
      86        0.000142    3.080339e+02    4.103198e-09    1.868452e+02    5.375093e+01
      87        0.000166    2.951044e+02    3.931490e-09    1.784440e+02    4.906118e+01
      88        0.000166    3.032506e+02    4.041056e-09    1.821094e+02    4.468379e+01
      89        0.000095    0.000000e+00    0.000000e+00    5.717434e+00    4.216973e+01
     101        0.000049    6.160312e+02    8.204573e-09    3.728913e+02    1.081268e+02
     102        0.000084    6.048943e+02    8.056265e-09    3.661314e+02    1.059410e+02
     103        0.000126    5.879966e+02    7.831319e-09    3.558304e+02    1.025560e+02
     104        0.000168    5.649237e+02    7.524175e-09    3.417504e+02    9.795213e+01
     105        0.000210    5.386789e+02    7.174915e-09    3.256672e+02    9.227733e+01
     106        0.000251    5.118222e+02    6.817691e-09    3.089996e+02    8.571597e+01
     107        0.000293    4.938257e+02    6.578908e-09    2.973109e+02    7.849166e+01
     108        0.000293    5.133973e+02    6.841531e-09    3.069138e+02    7.159597e+01
     124        0.000161    0.000000e+00    0.000000e+00    2.276769e+00    1.971009e+01
     125        0.000129    0.000000e+00    0.000000e+00    1.525322e+00    1.487906e+01
     126        0.000142    0.000000e+00    0.000000e+00    1.101667e+00    1.165427e+01
     127        0.000155    0.000000e+00    0.000000e+00    7.951567e-01    8.765684e+00
     128        0.000204    0.000000e+00    0.000000e+00    5.365920e-01    5.702217e+00
     129        0.000233    0.000000e+00    0.000000e+00    0.000000e+00    4.258189e+00
     130        0.000401    0.000000e+00    0.000000e+00    0.000000e+00    3.257484e+00
     133        0.000038    0.000000e+00    0.000000e+00    2.112777e+00    1.573491e+01
     134        0.000031    0.000000e+00    0.000000e+00    1.373170e+00    1.141151e+01
     135        0.000034    0.000000e+00    0.000000e+00    9.776173e-01    8.796759e+00
     136        0.000037    0.000000e+00    0.000000e+00    6.957703e-01    6.548671e+00
     137        0.000048    0.000000e+00    0.000000e+00    4.706731e-01    4.292816e+00
     138        0.000055    0.000000e+00    0.000000e+00    0.000000e+00    3.754520e+00
     139        0.000095    0.000000e+00    0.000000e+00    0.000000e+00    3.141663e+00
     201        0.000049    8.575644e+02    1.142135e-08    5.199262e+02    1.505649e+02
     202        0.000084    8.425408e+02    1.122136e-08    5.107769e+02    1.475645e+02
     203        0.000126    8.191162e+02    1.090948e-08    4.962704e+02    1.429156e+02
     204        0.000168    7.889884e+02    1.050848e-08    4.778308e+02    1.366122e+02
     205        0.000210    7.524749e+02    1.002257e-08    4.555271e+02    1.288415e+02
     206        0.000251    7.173395e+02    9.555285e-09    4.336018e+02    1.198901e+02
     207        0.000293    6.979671e+02    9.298641e-09    4.204747e+02    1.101231e+02
     208        0.000293    7.368284e+02    9.819196e-09    4.406351e+02    1.008518e+02
     210        0.000352    0.000000e+00    0.000000e+00    3.652294e+01    2.065466e+01
     251        0.000428    0.000000e+00    0.000000e+00    4.259619e+01    3.331612e+01
     301        0.000049    1.030532e+03    1.372503e-08    6.253971e+02    1.809169e+02
     302        0.000084    1.012611e+03    1.348642e-08    6.144123e+02    1.773282e+02
     303        0.000126    9.834504e+02    1.309819e-08    5.965734e+02    1.717821e+02
     304        0.000168    9.476045e+02    1.262105e-08    5.744964e+02    1.642776e+02
     305        0.000210    9.059296e+02    1.206649e-08    5.488550e+02    1.550293e+02
     306        0.000251    8.647300e+02    1.151864e-08    5.231566e+02    1.443703e+02
     307        0.000293    8.437349e+02    1.124069e-08    5.086982e+02    1.327795e+02
     308        0.000293    8.972210e+02    1.195671e-08    5.368550e+02    1.218230e+02
     340        0.000101    0.000000e+00    0.000000e+00    4.064782e+01    2.968225e+01
     401        0.000049    1.121018e+03    1.493015e-08    6.806594e+02    1.967451e+02
     402        0.000084    1.100292e+03    1.465418e-08    6.679389e+02    1.928504e+02
     403        0.000126    1.069701e+03    1.424692e-08    6.492495e+02    1.868385e+02
     404        0.000168    1.030386e+03    1.372363e-08    6.250618e+02    1.786928e+02
     405        0.000210    9.865012e+02    1.313969e-08    5.979367e+02    1.686811e+02
     406        0.000251    9.411016e+02    1.253590e-08    5.696126e+02    1.571442e+02
     407        0.000293    9.197629e+02    1.225358e-08    5.547998e+02    1.446008e+02
     408        0.000293    9.807757e+02    1.307024e-08    5.870407e+02    1.327552e+02
     410        0.000387    0.000000e+00    0.000000e+00    1.742520e+01    2.187592e+01
     501        0.000049    1.119056e+03    1.490396e-08    6.796245e+02    1.967288e+02
     502        0.000084    1.100456e+03    1.465635e-08    6.680868e+02    1.928624e+02
     503        0.000126    1.069757e+03    1.424768e-08    6.492706e+02    1.868653e+02
     504        0.000168    1.030890e+03    1.373032e-08    6.252559e+02    1.787255e+02
     505        0.000210    9.852069e+02    1.312242e-08    5.973164e+02    1.687024e+02
     506        0.000251    9.408825e+02    1.253299e-08    5.695508e+02    1.571732e+02
     507        0.000293    9.203419e+02    1.226130e-08    5.550886e+02    1.446341e+02
     508        0.000293    9.806435e+02    1.306846e-08    5.869895e+02    1.327828e+02
     601        0.000049    1.030581e+03    1.372563e-08    6.253865e+02    1.809619e+02
     602        0.000084    1.011762e+03    1.347506e-08    6.139798e+02    1.773902e+02
     603        0.000126    9.843685e+02    1.311041e-08    5.970647e+02    1.718641e+02
     604        0.000168    9.483774e+02    1.263136e-08    5.749742e+02    1.643543e+02
     605        0.000210    9.063690e+02    1.207235e-08    5.492086e+02    1.550953e+02
     606        0.000251    8.647227e+02    1.151851e-08    5.231466e+02    1.444352e+02
     607        0.000293    8.443529e+02    1.124891e-08    5.091208e+02    1.328429e+02
     608        0.000293    8.973050e+02    1.195782e-08    5.369277e+02    1.218711e+02
     701        0.000049    8.571313e+02    1.141555e-08    5.198595e+02    1.507121e+02
     702        0.000084    8.419880e+02    1.121392e-08    5.104337e+02    1.477004e+02
     703        0.000126    8.196022e+02    1.091595e-08    4.966224e+02    1.430571e+02
     704        0.000168    7.882361e+02    1.049841e-08    4.775614e+02    1.367432e+02
     705        0.000210    7.526896e+02    1.002538e-08    4.556146e+02    1.289446e+02
     706        0.000251    7.173710e+02    9.555685e-09    4.337080e+02    1.199600e+02
     707        0.000293    6.973441e+02    9.290325e-09    4.202142e+02    1.101620e+02
     708        0.000293    7.363246e+02    9.812459e-09    4.403561e+02    1.008683e+02
     801        0.000049    6.154757e+02    8.197018e-09    3.725808e+02    1.083745e+02
     802        0.000084    6.039025e+02    8.042916e-09    3.655514e+02    1.061653e+02
     803        0.000126    5.861725e+02    7.806853e-09    3.547725e+02    1.027604e+02
     804        0.000168    5.639974e+02    7.511732e-09    3.411605e+02    9.812305e+01
     805        0.000210    5.370417e+02    7.152992e-09    3.245919e+02    9.238056e+01
     806        0.000251    5.093086e+02    6.784086e-09    3.075448e+02    8.573493e+01
     807        0.000293    4.910071e+02    6.541251e-09    2.956067e+02    7.843278e+01
     808        0.000293    5.097133e+02    6.792330e-09    3.047703e+02    7.146690e+01
    1000        0.000211    0.000000e+00    0.000000e+00    4.794385e+01    9.802536e+01
    1100        0.000296    0.000000e+00    0.000000e+00    1.759506e+02    9.726437e+01
    1200        0.005119    0.000000e+00    0.000000e+00    7.548753e+00    8.798056e+01
    1300        0.004125    0.000000e+00    0.000000e+00    5.073532e+00    7.442400e+01
    1400        0.004535    0.000000e+00    0.000000e+00    3.769174e+00    6.290520e+01
    1401        0.000020    0.000000e+00    0.000000e+00    1.659567e+01    3.786347e+01
    1402        0.000015    0.000000e+00    0.000000e+00    1.857905e+01    4.180911e+01
    1500        0.004945    0.000000e+00    0.000000e+00    2.842165e+00    5.175260e+01
    1501        0.000028    0.000000e+00    0.000000e+00    5.760117e+01    3.671598e+01
    1502        0.000021    0.000000e+00    0.000000e+00    6.511625e+01    4.060215e+01
    1600        0.006520    0.000000e+00    0.000000e+00    2.076816e+00    3.997722e+01
    1601        0.000484    0.000000e+00    0.000000e+00    3.134146e+00    3.114981e+01
    1602        0.000361    0.000000e+00    0.000000e+00    3.302455e+00    3.474710e+01
    1700        0.007419    0.000000e+00    0.000000e+00    1.419960e+00    2.781137e+01
    1701        0.000390    0.000000e+00    0.000000e+00    2.088526e+00    2.466950e+01
    1702        0.000291    0.000000e+00    0.000000e+00    2.216475e+00    2.770854e+01
    1800        0.012788    0.000000e+00    0.000000e+00    7.606427e-01    1.356650e+01
    1801        0.000428    0.000000e+00    0.000000e+00    1.519744e+00    1.981084e+01
    1802        0.000320    0.000000e+00    0.000000e+00    1.621308e+00    2.231441e+01
    1901        0.000467    0.000000e+00    0.000000e+00    1.108114e+00    1.524475e+01
    1902        0.000349    0.000000e+00    0.000000e+00    1.187151e+00    1.720814e+01
    2001        0.000616    0.000000e+00    0.000000e+00    7.527376e-01    1.004481e+01
    2002        0.000460    0.000000e+00    0.000000e+00    8.077020e-01    1.133485e+01
    2101        0.000701    0.000000e+00    0.000000e+00    0.000000e+00    6.102773e+00
    2102        0.000523    0.000000e+00    0.000000e+00    0.000000e+00    6.655998e+00
    2201        0.001208    0.000000e+00    0.000000e+00    0.000000e+00    3.675522e+00
    2202        0.000902    0.000000e+00    0.000000e+00    0.000000e+00    3.809985e+00

 Block max:
  Blk ID Fission neutron           Power      Absorption     Scalar flux
       9    0.000000e+00    0.000000e+00    1.887776e+01    1.273654e+02
      20    0.000000e+00    0.000000e+00    0.000000e+00    1.472659e+01
      40    0.000000e+00    0.000000e+00    0.000000e+00    1.569670e+01
      71    3.432266e+02    4.570682e-09    2.083470e+02    6.359275e+01
      72    3.396460e+02    4.523026e-09    2.061552e+02    6.276287e+01
      73    3.320823e+02    4.422361e-09    2.014711e+02    6.118091e+01
      74    3.217037e+02    4.284191e-09    1.951442e+02    5.906613e+01
      75    3.084909e+02    4.108347e-09    1.870890e+02    5.613757e+01
      76    2.926607e+02    3.897690e-09    1.774218e+02    5.276037e+01
      77    2.772660e+02    3.694639e-09    1.676908e+02    4.870772e+01
      78    2.913447e+02    3.882668e-09    1.733689e+02    4.440272e+01
      79    0.000000e+00    0.000000e+00    5.285382e+00    3.960376e+01
      81    3.756132e+02    5.002564e-09    2.284954e+02    6.870410e+01
      82    3.708056e+02    4.938576e-09    2.254560e+02    6.782071e+01
      83    3.621772e+02    4.823716e-09    2.201688e+02    6.613327e+01
      84    3.517735e+02    4.685215e-09    2.138185e+02    6.387791e+01
      85    3.373598e+02    4.493356e-09    2.049344e+02    6.077772e+01
      86    3.217995e+02    4.286297e-09    1.953816e+02    5.722834e+01
      87    3.109603e+02    4.144028e-09    1.850918e+02    5.298213e+01
      88    3.275269e+02    4.365284e-09    1.950931e+02    4.853449e+01
      89    0.000000e+00    0.000000e+00    5.846765e+00    4.367388e+01
     101    6.204485e+02    8.263392e-09    3.755501e+02    1.089240e+02
     102    6.134705e+02    8.170448e-09    3.713144e+02    1.075447e+02
     103    5.999047e+02    7.989854e-09    3.630849e+02    1.049250e+02
     104    5.818689e+02    7.749741e-09    3.520726e+02    1.014193e+02
     105    5.585332e+02    7.439120e-09    3.377908e+02    9.659669e+01
     106    5.334582e+02    7.105448e-09    3.223542e+02    9.107047e+01
     107    5.321836e+02    7.092361e-09    3.153834e+02    8.445584e+01
     108    5.617068e+02    7.487403e-09    3.316473e+02    7.743695e+01
     124    0.000000e+00    0.000000e+00    2.965239e+00    2.418550e+01
     125    0.000000e+00    0.000000e+00    1.978305e+00    1.799985e+01
     126    0.000000e+00    0.000000e+00    1.357897e+00    1.371171e+01
     127    0.000000e+00    0.000000e+00    9.874241e-01    1.055197e+01
     128    0.000000e+00    0.000000e+00    6.954456e-01    7.342031e+00
     129    0.000000e+00    0.000000e+00    0.000000e+00    5.176802e+00
     130    0.000000e+00    0.000000e+00    0.000000e+00    4.603751e+00
     133    0.000000e+00    0.000000e+00    2.859361e+00    2.047906e+01
     134    0.000000e+00    0.000000e+00    1.808030e+00    1.405758e+01
     135    0.000000e+00    0.000000e+00    1.215769e+00    1.045044e+01
     136    0.000000e+00    0.000000e+00    8.694042e-01    7.938414e+00
     137    0.000000e+00    0.000000e+00    6.110984e-01    5.513983e+00
     138    0.000000e+00    0.000000e+00    0.000000e+00    4.529450e+00
     139    0.000000e+00    0.000000e+00    0.000000e+00    4.324074e+00
     201    8.634097e+02    1.149918e-08    5.234684e+02    1.516589e+02
     202    8.539985e+02    1.137390e-08    5.177367e+02    1.497674e+02
     203    8.353953e+02    1.112621e-08    5.062042e+02    1.461667e+02
     204    8.118259e+02    1.081247e-08    4.917856e+02    1.413613e+02
     205    7.793159e+02    1.037973e-08    4.719463e+02    1.347535e+02
     206    7.455108e+02    9.929890e-09    4.510763e+02    1.271815e+02
     207    7.699588e+02    1.026136e-08    4.561114e+02    1.181491e+02
     208    8.184857e+02    1.091048e-08    4.832131e+02    1.086618e+02
     210    0.000000e+00    0.000000e+00    4.351129e+01    2.727268e+01
     251    0.000000e+00    0.000000e+00    5.070693e+01    4.348403e+01
     301    1.037330e+03    1.381553e-08    6.295349e+02    1.822244e+02
     302    1.025986e+03    1.366449e-08    6.225634e+02    1.799608e+02
     303    1.002599e+03    1.335310e-08    6.082777e+02    1.756579e+02
     304    9.745403e+02    1.297957e-08    5.909719e+02    1.699326e+02
     305    9.376068e+02    1.248799e-08    5.682640e+02    1.620698e+02
     306    8.976489e+02    1.195635e-08    5.436306e+02    1.530487e+02
     307    9.401560e+02    1.252972e-08    5.571184e+02    1.422970e+02
     308    1.003408e+03    1.337562e-08    5.926153e+02    1.310513e+02
     340    0.000000e+00    0.000000e+00    4.943896e+01    3.905733e+01
     401    1.128432e+03    1.502886e-08    6.851706e+02    1.981646e+02
     402    1.114866e+03    1.484820e-08    6.768132e+02    1.957060e+02
     403    1.090792e+03    1.452769e-08    6.621217e+02    1.910422e+02
     404    1.059759e+03    1.411461e-08    6.430413e+02    1.848264e+02
     405    1.020287e+03    1.358923e-08    6.186824e+02    1.763030e+02
     406    9.763205e+02    1.300416e-08    5.915493e+02    1.665402e+02
     407    1.028701e+03    1.370982e-08    6.098066e+02    1.549062e+02
     408    1.099651e+03    1.465862e-08    6.496376e+02    1.427284e+02
     410    0.000000e+00    0.000000e+00    2.035399e+01    2.892988e+01
     501    1.126281e+03    1.500017e-08    6.840376e+02    1.981390e+02
     502    1.114644e+03    1.484522e-08    6.767591e+02    1.957030e+02
     503    1.090515e+03    1.452401e-08    6.619648e+02    1.910619e+02
     504    1.060083e+03    1.411891e-08    6.431409e+02    1.848586e+02
     505    1.018852e+03    1.357008e-08    6.179983e+02    1.763279e+02
     506    9.761016e+02    1.300126e-08    5.914848e+02    1.665651e+02
     507    1.029080e+03    1.371486e-08    6.099728e+02    1.549397e+02
     508    1.099413e+03    1.465544e-08    6.495270e+02    1.427625e+02
     601    1.037158e+03    1.381319e-08    6.294047e+02    1.822637e+02
     602    1.024804e+03    1.364868e-08    6.219466e+02    1.800104e+02
     603    1.003609e+03    1.336653e-08    6.088066e+02    1.757324e+02
     604    9.754525e+02    1.299175e-08    5.915325e+02    1.700141e+02
     605    9.378627e+02    1.249140e-08    5.685295e+02    1.621417e+02
     606    8.976487e+02    1.195631e-08    5.436182e+02    1.531148e+02
     607    9.404341e+02    1.253341e-08    5.573633e+02    1.423671e+02
     608    1.003057e+03    1.337093e-08    5.924597e+02    1.311125e+02
     701    8.629693e+02    1.149328e-08    5.234074e+02    1.518123e+02
     702    8.532377e+02    1.136368e-08    5.172879e+02    1.499078e+02
     703    8.355450e+02    1.112818e-08    5.063633e+02    1.463064e+02
     704    8.109929e+02    1.080131e-08    4.914730e+02    1.415036e+02
     705    7.797247e+02    1.038512e-08    4.721517e+02    1.348790e+02
     706    7.456504e+02    9.931732e-09    4.512602e+02    1.272757e+02
     707    7.689163e+02    1.024745e-08    4.556158e+02    1.182101e+02
     708    8.177336e+02    1.090043e-08    4.827807e+02    1.086971e+02
     801    6.198035e+02    8.254643e-09    3.752059e+02    1.091809e+02
     802    6.122541e+02    8.154100e-09    3.706313e+02    1.077830e+02
     803    5.978084e+02    7.961745e-09    3.618868e+02    1.051436e+02
     804    5.810113e+02    7.738205e-09    3.515287e+02    1.016208e+02
     805    5.573527e+02    7.423281e-09    3.369788e+02    9.675149e+01
     806    5.314208e+02    7.078184e-09    3.211783e+02    9.114917e+01
     807    5.290170e+02    7.050072e-09    3.134594e+02    8.444970e+01
     808    5.579150e+02    7.436768e-09    3.294485e+02    7.734648e+01
    1000    0.000000e+00    0.000000e+00    6.072361e+01    1.224243e+02
    1100    0.000000e+00    0.000000e+00    2.256966e+02    1.221466e+02
    1200    0.000000e+00    0.000000e+00    1.222949e+01    1.204540e+02
    1300    0.000000e+00    0.000000e+00    7.939172e+00    1.052532e+02
    1400    0.000000e+00    0.000000e+00    5.621096e+00    8.923125e+01
    1401    0.000000e+00    0.000000e+00    1.666769e+01    3.822275e+01
    1402    0.000000e+00    0.000000e+00    1.864569e+01    4.219829e+01
    1500    0.000000e+00    0.000000e+00    4.272004e+00    7.546774e+01
    1501    0.000000e+00    0.000000e+00    5.847937e+01    3.739476e+01
    1502    0.000000e+00    0.000000e+00    6.611783e+01    4.131345e+01
    1600    0.000000e+00    0.000000e+00    3.215428e+00    6.128674e+01
    1601    0.000000e+00    0.000000e+00    4.108470e+00    3.626893e+01
    1602    0.000000e+00    0.000000e+00    4.309535e+00    4.016146e+01
    1700    0.000000e+00    0.000000e+00    2.285879e+00    4.538051e+01
    1701    0.000000e+00    0.000000e+00    2.686908e+00    2.904688e+01
    1702    0.000000e+00    0.000000e+00    2.837334e+00    3.252044e+01
    1800    0.000000e+00    0.000000e+00    1.545326e+00    3.011688e+01
    1801    0.000000e+00    0.000000e+00    1.858295e+00    2.296275e+01
    1802    0.000000e+00    0.000000e+00    1.975448e+00    2.582385e+01
    1901    0.000000e+00    0.000000e+00    1.363739e+00    1.811088e+01
    1902    0.000000e+00    0.000000e+00    1.456102e+00    2.041591e+01
    2001    0.000000e+00    0.000000e+00    9.695518e-01    1.286015e+01
    2002    0.000000e+00    0.000000e+00    1.037943e+00    1.451146e+01
    2101    0.000000e+00    0.000000e+00    0.000000e+00    7.747016e+00
    2102    0.000000e+00    0.000000e+00    0.000000e+00    8.515308e+00
    2201    0.000000e+00    0.000000e+00    0.000000e+00    5.649589e+00
    2202    0.000000e+00    0.000000e+00    0.000000e+00    5.973845e+00

