
=============================================================================================================================================================================

                                                                             Core map (t=0)

=============================================================================================================================================================================
 Block average:
  Blk ID          Volume Fission neutron           Power      Absorption     Scalar flux
       9        0.001347    0.000000e+00    0.000000e+00    1.457552e+01    9.996441e+01
      20        0.001174    0.000000e+00    0.000000e+00    0.000000e+00    5.640704e+00
      40        0.001290    0.000000e+00    0.000000e+00    0.000000e+00    5.727184e+00
      71        0.000037    3.381014e+02    4.502269e-09    2.052807e+02    6.303596e+01
      72        0.000063    3.309539e+02    4.407107e-09    2.009372e+02    6.171116e+01
      73        0.000095    3.213014e+02    4.278636e-09    1.950414e+02    5.967565e+01
      74        0.000127    3.084646e+02    4.107785e-09    1.871745e+02    5.689988e+01
      75        0.000158    2.932306e+02    3.905096e-09    1.778159e+02    5.345238e+01
      76        0.000190    2.769265e+02    3.688233e-09    1.678002e+02    4.942564e+01
      77        0.000222    2.633667e+02    3.508129e-09    1.591606e+02    4.493274e+01
      78        0.000222    2.677304e+02    3.567199e-09    1.607397e+02    4.066256e+01
      79        0.000127    0.000000e+00    0.000000e+00    5.086434e+00    3.822319e+01
      81        0.000028    3.688374e+02    4.912154e-09    2.244827e+02    6.818758e+01
      82        0.000047    3.618042e+02    4.818510e-09    2.201000e+02    6.679292e+01
      83        0.000071    3.521051e+02    4.689414e-09    2.141583e+02    6.462639e+01
      84        0.000095    3.386243e+02    4.509987e-09    2.058714e+02    6.167704e+01
      85        0.000118    3.218390e+02    4.286592e-09    1.955530e+02    5.802272e+01
      86        0.000142    3.052070e+02    4.065373e-09    1.852053e+02    5.377945e+01
      87        0.000166    2.924826e+02    3.896412e-09    1.769287e+02    4.909191e+01
      88        0.000166    3.004239e+02    4.003238e-09    1.805668e+02    4.471865e+01
      89        0.000095    0.000000e+00    0.000000e+00    5.642795e+00    4.222787e+01
     101        0.000049    6.113473e+02    8.141837e-09    3.701673e+02    1.082415e+02
     102        0.000084    6.000169e+02    7.990974e-09    3.633148e+02    1.060521e+02
     103        0.000126    5.827445e+02    7.761034e-09    3.527648e+02    1.026733e+02
     104        0.000168    5.610960e+02    7.472901e-09    3.394860e+02    9.808403e+01
     105        0.000210    5.347844e+02    7.122751e-09    3.233999e+02    9.241110e+01
     106        0.000253    5.077693e+02    6.763425e-09    3.067125e+02    8.584471e+01
     107        0.000295    4.893810e+02    6.519432e-09    2.948028e+02    7.861282e+01
     108        0.000295    5.088173e+02    6.780236e-09    3.044042e+02    7.172369e+01
     124        0.000161    0.000000e+00    0.000000e+00    2.275601e+00    1.973129e+01
     125        0.000129    0.000000e+00    0.000000e+00    1.524953e+00    1.489343e+01
     126        0.000142    0.000000e+00    0.000000e+00    1.101614e+00    1.166491e+01
     127        0.000155    0.000000e+00    0.000000e+00    7.951949e-01    8.773279e+00
     128        0.000204    0.000000e+00    0.000000e+00    5.365730e-01    5.706705e+00
     129        0.000233    0.000000e+00    0.000000e+00    0.000000e+00    4.261937e+00
     130        0.000401    0.000000e+00    0.000000e+00    0.000000e+00    3.260328e+00
     133        0.000038    0.000000e+00    0.000000e+00    2.109854e+00    1.574015e+01
     134        0.000031    0.000000e+00    0.000000e+00    1.371552e+00    1.141309e+01
     135        0.000034    0.000000e+00    0.000000e+00    9.766264e-01    8.797545e+00
     136        0.000037    0.000000e+00    0.000000e+00    6.951388e-01    6.549062e+00
     137        0.000048    0.000000e+00    0.000000e+00    4.702322e-01    4.292851e+00
     138        0.000055    0.000000e+00    0.000000e+00    0.000000e+00    3.755549e+00
     139        0.000095    0.000000e+00    0.000000e+00    0.000000e+00    3.142609e+00
     201        0.000049    8.528255e+02    1.135776e-08    5.170990e+02    1.508511e+02
     202        0.000084    8.373570e+02    1.115183e-08    5.076057e+02    1.478467e+02
     203        0.000126    8.135281e+02    1.083462e-08    4.930898e+02    1.432019e+02
     204        0.000168    7.833964e+02    1.043356e-08    4.745659e+02    1.368998e+02
     205        0.000210    7.481351e+02    9.964339e-09    4.529308e+02    1.291320e+02
     206        0.000253    7.128534e+02    9.495138e-09    4.310148e+02    1.201813e+02
     207        0.000295    6.925478e+02    9.226071e-09    4.174336e+02    1.104018e+02
     208        0.000295    7.317345e+02    9.750963e-09    4.378722e+02    1.011382e+02
     210        0.000352    0.000000e+00    0.000000e+00    3.681670e+01    2.065504e+01
     251        0.000428    0.000000e+00    0.000000e+00    4.277540e+01    3.333401e+01
     301        0.000049    1.023416e+03    1.362968e-08    6.212548e+02    1.813040e+02
     302        0.000084    1.005531e+03    1.339153e-08    6.101677e+02    1.777363e+02
     303        0.000126    9.781431e+02    1.302695e-08    5.933294e+02    1.722120e+02
     304        0.000168    9.421498e+02    1.254790e-08    5.712540e+02    1.647006e+02
     305        0.000210    9.006385e+02    1.199555e-08    5.457662e+02    1.554402e+02
     306        0.000253    8.593414e+02    1.144637e-08    5.200582e+02    1.447882e+02
     307        0.000295    8.385406e+02    1.117102e-08    5.057564e+02    1.331912e+02
     308        0.000295    8.909243e+02    1.187236e-08    5.333938e+02    1.222288e+02
     340        0.000101    0.000000e+00    0.000000e+00    4.071837e+01    2.967121e+01
     401        0.000049    1.112160e+03    1.481154e-08    6.754162e+02    1.971670e+02
     402        0.000084    1.093659e+03    1.456524e-08    6.640043e+02    1.933151e+02
     403        0.000126    1.064198e+03    1.417307e-08    6.459792e+02    1.873350e+02
     404        0.000168    1.025511e+03    1.365812e-08    6.220670e+02    1.791939e+02
     405        0.000210    9.797694e+02    1.304947e-08    5.939586e+02    1.691661e+02
     406        0.000253    9.362449e+02    1.247072e-08    5.666776e+02    1.576281e+02
     407        0.000295    9.138050e+02    1.217372e-08    5.513286e+02    1.450728e+02
     408        0.000295    9.740224e+02    1.297976e-08    5.833065e+02    1.332195e+02
     410        0.000387    0.000000e+00    0.000000e+00    1.755362e+01    2.186039e+01
     501        0.000049    1.111229e+03    1.479912e-08    6.749358e+02    1.971507e+02
     502        0.000084    1.092930e+03    1.455550e-08    6.636673e+02    1.933057e+02
     503        0.000126    1.063716e+03    1.416664e-08    6.456404e+02    1.873266e+02
     504        0.000168    1.024823e+03    1.364897e-08    6.216949e+02    1.791845e+02
     505        0.000210    9.797871e+02    1.304971e-08    5.939114e+02    1.691588e+02
     506        0.000253    9.354468e+02    1.246007e-08    5.663262e+02    1.576141e+02
     507        0.000295    9.137657e+02    1.217320e-08    5.513553e+02    1.450599e+02
     508        0.000295    9.741304e+02    1.298119e-08    5.833238e+02    1.332129e+02
     601        0.000049    1.023403e+03    1.362947e-08    6.211253e+02    1.813106e+02
     602        0.000084    1.004717e+03    1.338068e-08    6.098179e+02    1.777352e+02
     603        0.000126    9.778828e+02    1.302348e-08    5.933093e+02    1.722063e+02
     604        0.000168    9.421744e+02    1.254822e-08    5.712975e+02    1.646912e+02
     605        0.000210    9.004369e+02    1.199284e-08    5.456077e+02    1.554325e+02
     606        0.000253    8.592063e+02    1.144457e-08    5.199927e+02    1.447712e+02
     607        0.000295    8.373334e+02    1.115492e-08    5.050920e+02    1.331676e+02
     608        0.000295    8.907645e+02    1.187022e-08    5.333076e+02    1.222059e+02
     701        0.000049    8.519306e+02    1.134584e-08    5.166511e+02    1.508993e+02
     702        0.000084    8.360576e+02    1.113448e-08    5.068628e+02    1.479002e+02
     703        0.000126    8.140669e+02    1.084177e-08    4.933496e+02    1.432491e+02
     704        0.000168    7.830927e+02    1.042948e-08    4.744516e+02    1.369312e+02
     705        0.000210    7.474441e+02    9.955086e-09    4.525196e+02    1.291418e+02
     706        0.000253    7.120824e+02    9.484844e-09    4.305856e+02    1.201661e+02
     707        0.000295    6.918310e+02    9.216494e-09    4.170039e+02    1.103718e+02
     708        0.000295    7.303234e+02    9.732113e-09    4.370436e+02    1.010895e+02
     801        0.000049    6.094509e+02    8.116404e-09    3.690936e+02    1.083607e+02
     802        0.000084    5.976868e+02    7.959767e-09    3.619935e+02    1.061560e+02
     803        0.000126    5.810352e+02    7.738131e-09    3.517077e+02    1.027505e+02
     804        0.000168    5.590271e+02    7.445213e-09    3.382859e+02    9.812318e+01
     805        0.000210    5.324133e+02    7.091034e-09    3.219630e+02    9.240924e+01
     806        0.000253    5.051620e+02    6.728577e-09    3.051605e+02    8.578544e+01
     807        0.000295    4.865768e+02    6.481960e-09    2.930701e+02    7.849382e+01
     808        0.000295    5.052016e+02    6.731951e-09    3.022644e+02    7.154223e+01
    1000        0.000212    0.000000e+00    0.000000e+00    4.846422e+01    9.836778e+01
    1100        0.000298    0.000000e+00    0.000000e+00    1.781857e+02    9.760398e+01
    1200        0.005141    0.000000e+00    0.000000e+00    7.560143e+00    8.829411e+01
    1300        0.004143    0.000000e+00    0.000000e+00    5.087350e+00    7.469394e+01
    1400        0.004555    0.000000e+00    0.000000e+00    3.782083e+00    6.313627e+01
    1401        0.000020    0.000000e+00    0.000000e+00    1.671963e+01    3.789334e+01
    1402        0.000015    0.000000e+00    0.000000e+00    1.873377e+01    4.187210e+01
    1500        0.004966    0.000000e+00    0.000000e+00    2.853287e+00    5.194533e+01
    1501        0.000028    0.000000e+00    0.000000e+00    5.814005e+01    3.674198e+01
    1502        0.000021    0.000000e+00    0.000000e+00    6.577219e+01    4.066001e+01
    1600        0.006548    0.000000e+00    0.000000e+00    2.085636e+00    4.012884e+01
    1601        0.000484    0.000000e+00    0.000000e+00    3.130174e+00    3.116910e+01
    1602        0.000361    0.000000e+00    0.000000e+00    3.300736e+00    3.479379e+01
    1700        0.007451    0.000000e+00    0.000000e+00    1.426192e+00    2.791884e+01
    1701        0.000390    0.000000e+00    0.000000e+00    2.087408e+00    2.468361e+01
    1702        0.000291    0.000000e+00    0.000000e+00    2.217053e+00    2.774398e+01
    1800        0.012843    0.000000e+00    0.000000e+00    7.636514e-01    1.361821e+01
    1801        0.000428    0.000000e+00    0.000000e+00    1.519539e+00    1.982190e+01
    1802        0.000320    0.000000e+00    0.000000e+00    1.622366e+00    2.234202e+01
    1901        0.000467    0.000000e+00    0.000000e+00    1.108216e+00    1.525308e+01
    1902        0.000349    0.000000e+00    0.000000e+00    1.188167e+00    1.722874e+01
    2001        0.000616    0.000000e+00    0.000000e+00    7.527631e-01    1.004985e+01
    2002        0.000460    0.000000e+00    0.000000e+00    8.083150e-01    1.134763e+01
    2101        0.000701    0.000000e+00    0.000000e+00    0.000000e+00    6.105613e+00
    2102        0.000523    0.000000e+00    0.000000e+00    0.000000e+00    6.662966e+00
    2201        0.001208    0.000000e+00    0.000000e+00    0.000000e+00    3.676876e+00
    2202        0.000902    0.000000e+00    0.000000e+00    0.000000e+00    3.813519e+00

 Block max:
  Blk ID Fission neutron           Power      Absorption     Scalar flux
       9    0.000000e+00    0.000000e+00    1.871376e+01    1.278480e+02
      20    0.000000e+00    0.000000e+00    0.000000e+00    1.473813e+01
      40    0.000000e+00    0.000000e+00    0.000000e+00    1.570196e+01
      71    3.405152e+02    4.534405e-09    2.067484e+02    6.351845e+01
      72    3.357148e+02    4.470480e-09    2.038292e+02    6.268002e+01
      73    3.279808e+02    4.367537e-09    1.991175e+02    6.110024e+01
      74    3.180897e+02    4.235882e-09    1.930540e+02    5.899390e+01
      75    3.047449e+02    4.058296e-09    1.848666e+02    5.608120e+01
      76    2.902410e+02    3.865316e-09    1.760149e+02    5.272313e+01
      77    2.743919e+02    3.656210e-09    1.660011e+02    4.868345e+01
      78    2.891777e+02    3.853660e-09    1.721577e+02    4.439075e+01
      79    0.000000e+00    0.000000e+00    5.214392e+00    3.962417e+01
      81    3.712392e+02    4.944130e-09    2.259554e+02    6.869564e+01
      82    3.666033e+02    4.882394e-09    2.230435e+02    6.781768e+01
      83    3.592020e+02    4.783882e-09    2.185190e+02    6.614308e+01
      84    3.487970e+02    4.645387e-09    2.121095e+02    6.390212e+01
      85    3.340640e+02    4.449265e-09    2.030548e+02    6.080778e+01
      86    3.189899e+02    4.248699e-09    1.937489e+02    5.725627e+01
      87    3.085767e+02    4.112124e-09    1.837117e+02    5.301175e+01
      88    3.256063e+02    4.339546e-09    1.940583e+02    4.856408e+01
      89    0.000000e+00    0.000000e+00    5.771097e+00    4.372834e+01
     101    6.154760e+02    8.196807e-09    3.726755e+02    1.090398e+02
     102    6.081269e+02    8.098937e-09    3.682477e+02    1.076563e+02
     103    5.944359e+02    7.916673e-09    3.598910e+02    1.050363e+02
     104    5.777563e+02    7.694661e-09    3.496455e+02    1.015437e+02
     105    5.544441e+02    7.384351e-09    3.354084e+02    9.672973e+01
     106    5.293935e+02    7.051015e-09    3.200493e+02    9.120182e+01
     107    5.278593e+02    7.034488e-09    3.129713e+02    8.458061e+01
     108    5.582844e+02    7.441542e-09    3.298181e+02    7.755763e+01
     124    0.000000e+00    0.000000e+00    2.963727e+00    2.421500e+01
     125    0.000000e+00    0.000000e+00    1.977520e+00    1.801797e+01
     126    0.000000e+00    0.000000e+00    1.357678e+00    1.372440e+01
     127    0.000000e+00    0.000000e+00    9.873953e-01    1.056118e+01
     128    0.000000e+00    0.000000e+00    6.954061e-01    7.347881e+00
     129    0.000000e+00    0.000000e+00    0.000000e+00    5.181227e+00
     130    0.000000e+00    0.000000e+00    0.000000e+00    4.607883e+00
     133    0.000000e+00    0.000000e+00    2.855298e+00    2.049170e+01
     134    0.000000e+00    0.000000e+00    1.805627e+00    1.406011e+01
     135    0.000000e+00    0.000000e+00    1.214401e+00    1.045133e+01
     136    0.000000e+00    0.000000e+00    8.685530e-01    7.938793e+00
     137    0.000000e+00    0.000000e+00    6.105017e-01    5.513931e+00
     138    0.000000e+00    0.000000e+00    0.000000e+00    4.530698e+00
     139    0.000000e+00    0.000000e+00    0.000000e+00    4.325395e+00
     201    8.584092e+02    1.143210e-08    5.205064e+02    1.519458e+02
     202    8.484265e+02    1.129919e-08    5.143579e+02    1.500500e+02
     203    8.296226e+02    1.104887e-08    5.029064e+02    1.464501e+02
     204    8.060104e+02    1.073456e-08    4.883783e+02    1.416476e+02
     205    7.744986e+02    1.031512e-08    4.690807e+02    1.350426e+02
     206    7.408309e+02    9.867147e-09    4.483684e+02    1.274732e+02
     207    7.648690e+02    1.019317e-08    4.532928e+02    1.184356e+02
     208    8.154334e+02    1.086946e-08    4.816346e+02    1.089405e+02
     210    0.000000e+00    0.000000e+00    4.381189e+01    2.726126e+01
     251    0.000000e+00    0.000000e+00    5.088838e+01    4.348372e+01
     301    1.030045e+03    1.371793e-08    6.253020e+02    1.826044e+02
     302    1.018445e+03    1.356345e-08    6.180705e+02    1.803547e+02
     303    9.969700e+02    1.327757e-08    6.048527e+02    1.760786e+02
     304    9.690624e+02    1.290610e-08    5.877031e+02    1.703617e+02
     305    9.318561e+02    1.241091e-08    5.649130e+02    1.624844e+02
     306    8.918509e+02    1.187860e-08    5.402909e+02    1.534631e+02
     307    9.351459e+02    1.246249e-08    5.543411e+02    1.427175e+02
     308    9.991510e+02    1.331847e-08    5.903811e+02    1.314585e+02
     340    0.000000e+00    0.000000e+00    4.944088e+01    3.899892e+01
     401    1.119260e+03    1.490607e-08    6.797606e+02    1.985704e+02
     402    1.107593e+03    1.475072e-08    6.725355e+02    1.961446e+02
     403    1.084590e+03    1.444451e-08    6.584607e+02    1.915239e+02
     404    1.054559e+03    1.404473e-08    6.398377e+02    1.853287e+02
     405    1.013255e+03    1.349499e-08    6.145231e+02    1.767950e+02
     406    9.712380e+02    1.293597e-08    5.884709e+02    1.670255e+02
     407    1.022664e+03    1.362888e-08    6.063259e+02    1.553904e+02
     408    1.095102e+03    1.459751e-08    6.472285e+02    1.431954e+02
     410    0.000000e+00    0.000000e+00    2.046785e+01    2.887997e+01
     501    1.118176e+03    1.489161e-08    6.791993e+02    1.985519e+02
     502    1.106497e+03    1.473609e-08    6.720048e+02    1.961325e+02
     503    1.084116e+03    1.443820e-08    6.581223e+02    1.915156e+02
     504    1.054033e+03    1.403775e-08    6.395572e+02    1.853195e+02
     505    1.013376e+03    1.349660e-08    6.145289e+02    1.767876e+02
     506    9.705151e+02    1.292632e-08    5.881652e+02    1.670143e+02
     507    1.022674e+03    1.362902e-08    6.063868e+02    1.553764e+02
     508    1.095139e+03    1.459800e-08    6.472076e+02    1.431864e+02
     601    1.029963e+03    1.371681e-08    6.251328e+02    1.826130e+02
     602    1.017629e+03    1.355256e-08    6.177178e+02    1.803579e+02
     603    9.968342e+02    1.327576e-08    6.049078e+02    1.760769e+02
     604    9.690926e+02    1.290651e-08    5.877547e+02    1.703538e+02
     605    9.315467e+02    1.240676e-08    5.646960e+02    1.624780e+02
     606    8.918925e+02    1.187916e-08    5.403242e+02    1.534521e+02
     607    9.336601e+02    1.244268e-08    5.535368e+02    1.426979e+02
     608    9.991026e+02    1.331782e-08    5.903571e+02    1.314357e+02
     701    8.573266e+02    1.141768e-08    5.199562e+02    1.519919e+02
     702    8.468629e+02    1.127831e-08    5.134765e+02    1.501023e+02
     703    8.301940e+02    1.105646e-08    5.031938e+02    1.465042e+02
     704    8.057011e+02    1.073039e-08    4.882626e+02    1.416913e+02
     705    7.739633e+02    1.030794e-08    4.687533e+02    1.350683e+02
     706    7.402207e+02    9.858996e-09    4.480347e+02    1.274750e+02
     707    7.637326e+02    1.017799e-08    4.526236e+02    1.184167e+02
     708    8.135881e+02    1.084482e-08    4.805666e+02    1.089059e+02
     801    6.136277e+02    8.172012e-09    3.716293e+02    1.091643e+02
     802    6.058902e+02    8.068970e-09    3.669822e+02    1.077718e+02
     803    5.928516e+02    7.895432e-09    3.589050e+02    1.051330e+02
     804    5.757888e+02    7.668318e-09    3.485015e+02    1.016100e+02
     805    5.521138e+02    7.353174e-09    3.340025e+02    9.676057e+01
     806    5.269930e+02    7.018917e-09    3.186256e+02    9.118567e+01
     807    5.247781e+02    6.993329e-09    3.110621e+02    8.450182e+01
     808    5.547165e+02    7.393895e-09    3.277094e+02    7.740773e+01
    1000    0.000000e+00    0.000000e+00    6.144221e+01    1.229190e+02
    1100    0.000000e+00    0.000000e+00    2.289472e+02    1.226420e+02
    1200    0.000000e+00    0.000000e+00    1.224533e+01    1.209442e+02
    1300    0.000000e+00    0.000000e+00    7.960774e+00    1.056827e+02
    1400    0.000000e+00    0.000000e+00    5.641691e+00    8.959850e+01
    1401    0.000000e+00    0.000000e+00    1.678852e+01    3.825257e+01
    1402    0.000000e+00    0.000000e+00    1.879709e+01    4.226174e+01
    1500    0.000000e+00    0.000000e+00    4.290070e+00    7.577931e+01
    1501    0.000000e+00    0.000000e+00    5.908862e+01    3.742408e+01
    1502    0.000000e+00    0.000000e+00    6.685476e+01    4.137544e+01
    1600    0.000000e+00    0.000000e+00    3.230397e+00    6.154041e+01
    1601    0.000000e+00    0.000000e+00    4.101431e+00    3.629445e+01
    1602    0.000000e+00    0.000000e+00    4.305216e+00    4.021884e+01
    1700    0.000000e+00    0.000000e+00    2.297013e+00    4.556790e+01
    1701    0.000000e+00    0.000000e+00    2.684483e+00    2.906323e+01
    1702    0.000000e+00    0.000000e+00    2.837081e+00    3.256265e+01
    1800    0.000000e+00    0.000000e+00    1.552671e+00    3.023977e+01
    1801    0.000000e+00    0.000000e+00    1.857641e+00    2.297522e+01
    1802    0.000000e+00    0.000000e+00    1.976345e+00    2.585606e+01
    1901    0.000000e+00    0.000000e+00    1.363676e+00    1.812048e+01
    1902    0.000000e+00    0.000000e+00    1.457162e+00    2.044053e+01
    2001    0.000000e+00    0.000000e+00    9.695449e-01    1.286651e+01
    2002    0.000000e+00    0.000000e+00    1.038715e+00    1.452811e+01
    2101    0.000000e+00    0.000000e+00    0.000000e+00    7.750438e+00
    2102    0.000000e+00    0.000000e+00    0.000000e+00    8.524215e+00
    2201    0.000000e+00    0.000000e+00    0.000000e+00    5.651866e+00
    2202    0.000000e+00    0.000000e+00    0.000000e+00    5.979719e+00

