
DETPinMesh2 = [
    1    1    1    1     1     1     1    1    1    1  4.39654E+15 0.00021 
];


DETPinMesh2COORD = [
0.000000E+00 0.000000E+00
];

DETPinMesh2Z = [
 1.76022E+00  3.77096E+01  1.97349E+01
];

DETPinMesh3 = [
    1    1    1    1     1     1     1    1    1    1  1.88163E+17 0.00018 
];


DETPinMesh3COORD = [
0.000000E+00 0.000000E+00
];

DETPinMesh3Z = [
 1.76022E+00  3.77096E+01  1.97349E+01
];
