
DETxymesh = [
    1    1    1    1     1     1     1    1    1    1  6.94557E+12 0.00442 
    2    1    1    1     1     1     1    1    1    2  6.75698E+12 0.00432 
    3    1    1    1     1     1     1    1    1    3  6.56485E+12 0.00383 
    4    1    1    1     1     1     1    1    1    4  6.45610E+12 0.00393 
    5    1    1    1     1     1     1    1    1    5  6.42712E+12 0.00488 
    6    1    1    1     1     1     1    1    1    6  6.32785E+12 0.00491 
    7    1    1    1     1     1     1    1    1    7  6.34229E+12 0.00529 
    8    1    1    1     1     1     1    1    1    8  6.29104E+12 0.00532 
    9    1    1    1     1     1     1    1    1    9  6.20403E+12 0.00504 
   10    1    1    1     1     1     1    1    1   10  6.14282E+12 0.01412 
   11    1    1    1     1     1     1    1    1   11  6.18513E+12 0.01466 
   12    1    1    1     1     1     1    1    1   12  6.30494E+12 0.01458 
   13    1    1    1     1     1     1    1    1   13  6.18044E+12 0.01474 
   14    1    1    1     1     1     1    1    1   14  6.26225E+12 0.01434 
   15    1    1    1     1     1     1    1    1   15  6.17904E+12 0.01494 
   16    1    1    1     1     1     1    1    1   16  6.16007E+12 0.01453 
   17    1    1    1     1     1     1    1    1   17  6.22951E+12 0.01471 
   18    1    1    1     1     1     1    1    1   18  6.12848E+12 0.01450 
   19    1    1    1     1     1     1    1    1   19  6.18808E+12 0.01454 
   20    1    1    1     1     1     1    1    1   20  6.21382E+12 0.01479 
   21    1    1    1     1     1     1    1    1   21  6.17596E+12 0.01082 
   22    1    1    1     1     1     1    1    1   22  6.11163E+12 0.00513 
   23    1    1    1     1     1     1    1    1   23  6.01494E+12 0.00331 
   24    1    1    1     1     1     1    1    1   24  5.91637E+12 0.00319 
   25    1    1    1     1     1     1    1    1   25  5.79956E+12 0.00332 
   26    1    1    1     1     1     1    1    1   26  5.73903E+12 0.00321 
   27    1    1    1     1     1     1    1    1   27  5.66162E+12 0.00324 
   28    1    1    1     1     1     1    1    1   28  5.64244E+12 0.00339 
   29    1    1    1     1     1     1    1    1   29  5.57655E+12 0.00349 
   30    1    1    1     1     1     1    1    1   30  5.51777E+12 0.00349 
   31    1    1    1     1     1     1    1    1   31  5.50511E+12 0.00346 
   32    1    1    1     1     1     1    1    1   32  5.50658E+12 0.00335 
   33    1    1    1     1     1     1    1    1   33  5.47417E+12 0.00356 
   34    1    1    1     1     1     1    1    1   34  5.43665E+12 0.00327 
   35    1    1    1     1     1     1    1    1   35  5.41634E+12 0.00346 
   36    1    1    1     1     1     1    1    1   36  5.39797E+12 0.00339 
   37    1    1    1     1     1     1    1    1   37  5.34956E+12 0.00351 
   38    1    1    1     1     1     1    1    1   38  5.33608E+12 0.00337 
   39    1    1    1     1     1     1    1    1   39  5.33910E+12 0.00337 
   40    1    1    1     1     1     1    1    1   40  5.32897E+12 0.00342 
   41    1    1    1     1     1     1    1    1   41  5.29590E+12 0.00329 
   42    1    1    1     1     1     1    1    1   42  5.25045E+12 0.00539 
   43    1    1    1     1     1     1    1    1   43  5.18492E+12 0.01036 
   44    1    1    1     1     1     1    1    1   44  5.25895E+12 0.01311 
   45    1    1    1     1     1     1    1    1   45  5.29749E+12 0.01140 
   46    1    1    1     1     1     1    1    1   46  5.31509E+12 0.01019 
   47    1    1    1     1     1     1    1    1   47  5.43136E+12 0.00897 
   48    1    1    1     1     1     1    1    1   48  5.29247E+12 0.00728 
   49    1    1    1     1     1     1    1    1   49  5.33182E+12 0.00616 
   50    1    1    1     1     1     1    1    1   50  5.41733E+12 0.00544 
   51    1    1    1     1     1     1    1    1   51  5.40690E+12 0.00508 
   52    1    1    1     1     1     1    1    1   52  5.43949E+12 0.00456 
   53    1    1    1     1     1     1    1    1   53  5.43923E+12 0.00501 
   54    1    1    1     1     1     1    1    1   54  5.42822E+12 0.00518 
   55    1    1    1     1     1     1    1    1   55  5.41747E+12 0.00616 
   56    1    1    1     1     1     1    1    1   56  5.40857E+12 0.00700 
   57    1    1    1     1     1     1    1    1   57  5.49743E+12 0.00887 
   58    1    1    1     1     1     1    1    1   58  5.44301E+12 0.00995 
   59    1    1    1     1     1     1    1    1   59  5.38053E+12 0.01140 
   60    1    1    1     1     1     1    1    1   60  5.48900E+12 0.01202 
   61    1    1    1     1     1     1    1    1   61  5.37730E+12 0.01100 
   62    1    1    1     1     1     1    1    1   62  5.48479E+12 0.00587 
   63    1    1    1     1     1     1    1    1   63  5.52948E+12 0.00323 
   64    1    1    1     1     1     1    1    1   64  5.57621E+12 0.00328 
   65    1    1    1     1     1     1    1    1   65  5.64551E+12 0.00339 
   66    1    1    1     1     1     1    1    1   66  5.67135E+12 0.00325 
   67    1    1    1     1     1     1    1    1   67  5.71705E+12 0.00334 
   68    1    1    1     1     1     1    1    1   68  5.71873E+12 0.00307 
   69    1    1    1     1     1     1    1    1   69  5.75064E+12 0.00325 
   70    1    1    1     1     1     1    1    1   70  5.75343E+12 0.00306 
   71    1    1    1     1     1     1    1    1   71  5.78214E+12 0.00307 
   72    1    1    1     1     1     1    1    1   72  5.77552E+12 0.00308 
   73    1    1    1     1     1     1    1    1   73  5.79669E+12 0.00314 
   74    1    1    1     1     1     1    1    1   74  5.81107E+12 0.00298 
   75    1    1    1     1     1     1    1    1   75  5.83565E+12 0.00313 
   76    1    1    1     1     1     1    1    1   76  5.82306E+12 0.00298 
   77    1    1    1     1     1     1    1    1   77  5.87126E+12 0.00340 
   78    1    1    1     1     1     1    1    1   78  5.87951E+12 0.00319 
   79    1    1    1     1     1     1    1    1   79  5.86559E+12 0.00310 
   80    1    1    1     1     1     1    1    1   80  5.90415E+12 0.00327 
   81    1    1    1     1     1     1    1    1   81  5.86259E+12 0.00304 
   82    1    1    1     1     1     1    1    1   82  5.82205E+12 0.00467 
   83    1    1    1     1     1     1    1    1   83  5.75096E+12 0.00886 
   84    1    1    1     1     1     1    1    1   84  5.85716E+12 0.01293 
   85    1    1    1     1     1     1    1    1   85  5.73157E+12 0.01124 
   86    1    1    1     1     1     1    1    1   86  5.76058E+12 0.00954 
   87    1    1    1     1     1     1    1    1   87  5.89895E+12 0.00867 
   88    1    1    1     1     1     1    1    1   88  5.88725E+12 0.00725 
   89    1    1    1     1     1     1    1    1   89  5.92563E+12 0.00611 
   90    1    1    1     1     1     1    1    1   90  5.99008E+12 0.00554 
   91    1    1    1     1     1     1    1    1   91  5.99179E+12 0.00494 
   92    1    1    1     1     1     1    1    1   92  6.02613E+12 0.00447 
   93    1    1    1     1     1     1    1    1   93  6.01287E+12 0.00446 
   94    1    1    1     1     1     1    1    1   94  6.03531E+12 0.00495 
   95    1    1    1     1     1     1    1    1   95  6.02145E+12 0.00546 
   96    1    1    1     1     1     1    1    1   96  6.04992E+12 0.00653 
   97    1    1    1     1     1     1    1    1   97  6.06451E+12 0.00778 
   98    1    1    1     1     1     1    1    1   98  6.03377E+12 0.00894 
   99    1    1    1     1     1     1    1    1   99  6.02379E+12 0.01064 
  100    1    1    1     1     1     1    1    1  100  5.98793E+12 0.01168 
  101    1    1    1     1     1     1    1    1  101  5.92150E+12 0.01094 
  102    1    1    1     1     1     1    1    1  102  6.08194E+12 0.00619 
  103    1    1    1     1     1     1    1    1  103  6.11303E+12 0.00324 
  104    1    1    1     1     1     1    1    1  104  6.14391E+12 0.00278 
  105    1    1    1     1     1     1    1    1  105  6.23080E+12 0.00298 
