
DETxymesh = [
    1    1    1    1     1     1     1    1    1    1  1.37135E+13 0.00315 
    2    1    1    1     1     1     1    1    1    2  1.30366E+13 0.00289 
    3    1    1    1     1     1     1    1    1    3  1.26517E+13 0.00374 
    4    1    1    1     1     1     1    1    1    4  1.25409E+13 0.00351 
    5    1    1    1     1     1     1    1    1    5  1.24496E+13 0.00759 
    6    1    1    1     1     1     1    1    1    6  1.24883E+13 0.01029 
    7    1    1    1     1     1     1    1    1    7  1.25513E+13 0.01032 
    8    1    1    1     1     1     1    1    1    8  1.23457E+13 0.01055 
    9    1    1    1     1     1     1    1    1    9  1.22936E+13 0.01060 
   10    1    1    1     1     1     1    1    1   10  1.23477E+13 0.01064 
   11    1    1    1     1     1     1    1    1   11  1.23346E+13 0.00592 
   12    1    1    1     1     1     1    1    1   12  1.19523E+13 0.00248 
   13    1    1    1     1     1     1    1    1   13  1.15664E+13 0.00239 
   14    1    1    1     1     1     1    1    1   14  1.12993E+13 0.00249 
   15    1    1    1     1     1     1    1    1   15  1.10699E+13 0.00260 
   16    1    1    1     1     1     1    1    1   16  1.10418E+13 0.00276 
   17    1    1    1     1     1     1    1    1   17  1.08932E+13 0.00257 
   18    1    1    1     1     1     1    1    1   18  1.08315E+13 0.00253 
   19    1    1    1     1     1     1    1    1   19  1.07408E+13 0.00256 
   20    1    1    1     1     1     1    1    1   20  1.06689E+13 0.00250 
   21    1    1    1     1     1     1    1    1   21  1.05933E+13 0.00317 
   22    1    1    1     1     1     1    1    1   22  1.05248E+13 0.00862 
   23    1    1    1     1     1     1    1    1   23  1.06812E+13 0.00793 
   24    1    1    1     1     1     1    1    1   24  1.06753E+13 0.00579 
   25    1    1    1     1     1     1    1    1   25  1.08004E+13 0.00417 
   26    1    1    1     1     1     1    1    1   26  1.07953E+13 0.00343 
   27    1    1    1     1     1     1    1    1   27  1.09004E+13 0.00378 
   28    1    1    1     1     1     1    1    1   28  1.08478E+13 0.00461 
   29    1    1    1     1     1     1    1    1   29  1.09445E+13 0.00668 
   30    1    1    1     1     1     1    1    1   30  1.08299E+13 0.00896 
   31    1    1    1     1     1     1    1    1   31  1.08346E+13 0.00635 
   32    1    1    1     1     1     1    1    1   32  1.10853E+13 0.00252 
   33    1    1    1     1     1     1    1    1   33  1.12731E+13 0.00246 
   34    1    1    1     1     1     1    1    1   34  1.13836E+13 0.00246 
   35    1    1    1     1     1     1    1    1   35  1.14844E+13 0.00238 
   36    1    1    1     1     1     1    1    1   36  1.16104E+13 0.00233 
   37    1    1    1     1     1     1    1    1   37  1.16528E+13 0.00247 
   38    1    1    1     1     1     1    1    1   38  1.16904E+13 0.00248 
   39    1    1    1     1     1     1    1    1   39  1.17356E+13 0.00232 
   40    1    1    1     1     1     1    1    1   40  1.17263E+13 0.00240 
   41    1    1    1     1     1     1    1    1   41  1.16788E+13 0.00279 
   42    1    1    1     1     1     1    1    1   42  1.17042E+13 0.00768 
   43    1    1    1     1     1     1    1    1   43  1.17007E+13 0.00766 
   44    1    1    1     1     1     1    1    1   44  1.18889E+13 0.00549 
   45    1    1    1     1     1     1    1    1   45  1.19166E+13 0.00396 
   46    1    1    1     1     1     1    1    1   46  1.19301E+13 0.00324 
   47    1    1    1     1     1     1    1    1   47  1.20086E+13 0.00335 
   48    1    1    1     1     1     1    1    1   48  1.20744E+13 0.00421 
   49    1    1    1     1     1     1    1    1   49  1.21305E+13 0.00574 
   50    1    1    1     1     1     1    1    1   50  1.19653E+13 0.00819 
   51    1    1    1     1     1     1    1    1   51  1.20910E+13 0.00643 
   52    1    1    1     1     1     1    1    1   52  1.22688E+13 0.00233 
   53    1    1    1     1     1     1    1    1   53  1.24481E+13 0.00219 
   54    1    1    1     1     1     1    1    1   54  1.25667E+13 0.00225 
   55    1    1    1     1     1     1    1    1   55  1.26476E+13 0.00218 
   56    1    1    1     1     1     1    1    1   56  1.27168E+13 0.00220 
   57    1    1    1     1     1     1    1    1   57  1.27499E+13 0.00214 
   58    1    1    1     1     1     1    1    1   58  1.27813E+13 0.00227 
   59    1    1    1     1     1     1    1    1   59  1.27955E+13 0.00225 
   60    1    1    1     1     1     1    1    1   60  1.27448E+13 0.00212 
   61    1    1    1     1     1     1    1    1   61  1.27380E+13 0.00276 
   62    1    1    1     1     1     1    1    1   62  1.24516E+13 0.00720 
   63    1    1    1     1     1     1    1    1   63  1.24637E+13 0.00716 
   64    1    1    1     1     1     1    1    1   64  1.27051E+13 0.00528 
   65    1    1    1     1     1     1    1    1   65  1.27917E+13 0.00392 
   66    1    1    1     1     1     1    1    1   66  1.28310E+13 0.00319 
   67    1    1    1     1     1     1    1    1   67  1.28239E+13 0.00331 
   68    1    1    1     1     1     1    1    1   68  1.29810E+13 0.00454 
   69    1    1    1     1     1     1    1    1   69  1.27886E+13 0.00577 
   70    1    1    1     1     1     1    1    1   70  1.28765E+13 0.00763 
   71    1    1    1     1     1     1    1    1   71  1.28437E+13 0.00666 
   72    1    1    1     1     1     1    1    1   72  1.29785E+13 0.00231 
   73    1    1    1     1     1     1    1    1   73  1.30993E+13 0.00222 
   74    1    1    1     1     1     1    1    1   74  1.32321E+13 0.00230 
   75    1    1    1     1     1     1    1    1   75  1.32282E+13 0.00219 
   76    1    1    1     1     1     1    1    1   76  1.32348E+13 0.00198 
   77    1    1    1     1     1     1    1    1   77  1.32630E+13 0.00220 
   78    1    1    1     1     1     1    1    1   78  1.32382E+13 0.00217 
   79    1    1    1     1     1     1    1    1   79  1.32559E+13 0.00214 
   80    1    1    1     1     1     1    1    1   80  1.32079E+13 0.00211 
   81    1    1    1     1     1     1    1    1   81  1.30919E+13 0.00252 
   82    1    1    1     1     1     1    1    1   82  1.29031E+13 0.00680 
   83    1    1    1     1     1     1    1    1   83  1.28924E+13 0.00732 
   84    1    1    1     1     1     1    1    1   84  1.29967E+13 0.00544 
   85    1    1    1     1     1     1    1    1   85  1.30765E+13 0.00429 
   86    1    1    1     1     1     1    1    1   86  1.31013E+13 0.00318 
   87    1    1    1     1     1     1    1    1   87  1.30189E+13 0.00320 
   88    1    1    1     1     1     1    1    1   88  1.30511E+13 0.00421 
   89    1    1    1     1     1     1    1    1   89  1.29205E+13 0.00523 
   90    1    1    1     1     1     1    1    1   90  1.29719E+13 0.00737 
   91    1    1    1     1     1     1    1    1   91  1.26972E+13 0.00666 
   92    1    1    1     1     1     1    1    1   92  1.30382E+13 0.00236 
   93    1    1    1     1     1     1    1    1   93  1.31257E+13 0.00217 
   94    1    1    1     1     1     1    1    1   94  1.31612E+13 0.00229 
   95    1    1    1     1     1     1    1    1   95  1.31830E+13 0.00221 
   96    1    1    1     1     1     1    1    1   96  1.31586E+13 0.00220 
   97    1    1    1     1     1     1    1    1   97  1.31715E+13 0.00224 
   98    1    1    1     1     1     1    1    1   98  1.30877E+13 0.00225 
   99    1    1    1     1     1     1    1    1   99  1.30201E+13 0.00221 
  100    1    1    1     1     1     1    1    1  100  1.29069E+13 0.00220 
  101    2    1    1     1     1     1    1    1    1  1.28089E+14 0.00128 
  102    2    1    1     1     1     1    1    1    2  1.29822E+14 0.00131 
  103    2    1    1     1     1     1    1    1    3  1.31647E+14 0.00134 
  104    2    1    1     1     1     1    1    1    4  1.33125E+14 0.00140 
  105    2    1    1     1     1     1    1    1    5  1.34002E+14 0.00232 
