
DETzmesh = [
    1    1    1    1     1     1     1    1    1    1  4.86638E+14 0.00913 
    2    1    1    1     1     1     1    2    1    1  6.02042E+14 0.00814 
    3    1    1    1     1     1     1    3    1    1  7.05753E+14 0.00763 
    4    1    1    1     1     1     1    4    1    1  8.16586E+14 0.00718 
    5    1    1    1     1     1     1    5    1    1  9.37640E+14 0.00662 
    6    1    1    1     1     1     1    6    1    1  1.03122E+15 0.00615 
    7    1    1    1     1     1     1    7    1    1  1.12545E+15 0.00550 
    8    1    1    1     1     1     1    8    1    1  1.20833E+15 0.00562 
    9    1    1    1     1     1     1    9    1    1  1.29661E+15 0.00482 
   10    1    1    1     1     1     1   10    1    1  1.38785E+15 0.00505 
   11    1    1    1     1     1     1   11    1    1  1.48355E+15 0.00492 
   12    1    1    1     1     1     1   12    1    1  1.57313E+15 0.00474 
   13    1    1    1     1     1     1   13    1    1  1.66041E+15 0.00493 
   14    1    1    1     1     1     1   14    1    1  1.73280E+15 0.00452 
   15    1    1    1     1     1     1   15    1    1  1.84228E+15 0.00429 
   16    1    1    1     1     1     1   16    1    1  1.90161E+15 0.00408 
   17    1    1    1     1     1     1   17    1    1  1.98380E+15 0.00437 
   18    1    1    1     1     1     1   18    1    1  2.07522E+15 0.00432 
   19    1    1    1     1     1     1   19    1    1  2.14230E+15 0.00343 
   20    1    1    1     1     1     1   20    1    1  2.21260E+15 0.00354 
   21    1    1    1     1     1     1   21    1    1  2.29351E+15 0.00378 
   22    1    1    1     1     1     1   22    1    1  2.36364E+15 0.00482 
   23    1    1    1     1     1     1   23    1    1  2.42953E+15 0.00354 
   24    1    1    1     1     1     1   24    1    1  2.49967E+15 0.00414 
   25    1    1    1     1     1     1   25    1    1  2.55595E+15 0.00372 
   26    1    1    1     1     1     1   26    1    1  2.61978E+15 0.00327 
   27    1    1    1     1     1     1   27    1    1  2.70130E+15 0.00384 
   28    1    1    1     1     1     1   28    1    1  2.73841E+15 0.00398 
   29    1    1    1     1     1     1   29    1    1  2.80972E+15 0.00368 
   30    1    1    1     1     1     1   30    1    1  2.85500E+15 0.00367 
   31    1    1    1     1     1     1   31    1    1  2.91826E+15 0.00423 
   32    1    1    1     1     1     1   32    1    1  2.94755E+15 0.00348 
   33    1    1    1     1     1     1   33    1    1  2.98375E+15 0.00377 
   34    1    1    1     1     1     1   34    1    1  3.04803E+15 0.00404 
   35    1    1    1     1     1     1   35    1    1  3.08098E+15 0.00372 
   36    1    1    1     1     1     1   36    1    1  3.11262E+15 0.00330 
   37    1    1    1     1     1     1   37    1    1  3.15813E+15 0.00328 
   38    1    1    1     1     1     1   38    1    1  3.19242E+15 0.00329 
   39    1    1    1     1     1     1   39    1    1  3.21253E+15 0.00334 
   40    1    1    1     1     1     1   40    1    1  3.25924E+15 0.00331 
   41    1    1    1     1     1     1   41    1    1  3.28179E+15 0.00305 
   42    1    1    1     1     1     1   42    1    1  3.30693E+15 0.00362 
   43    1    1    1     1     1     1   43    1    1  3.30800E+15 0.00353 
   44    1    1    1     1     1     1   44    1    1  3.34770E+15 0.00313 
   45    1    1    1     1     1     1   45    1    1  3.35357E+15 0.00322 
   46    1    1    1     1     1     1   46    1    1  3.37610E+15 0.00321 
   47    1    1    1     1     1     1   47    1    1  3.38430E+15 0.00325 
   48    1    1    1     1     1     1   48    1    1  3.38128E+15 0.00290 
   49    1    1    1     1     1     1   49    1    1  3.38529E+15 0.00336 
   50    1    1    1     1     1     1   50    1    1  3.41370E+15 0.00292 
   51    1    1    1     1     1     1   51    1    1  3.39554E+15 0.00306 
   52    1    1    1     1     1     1   52    1    1  3.38018E+15 0.00366 
   53    1    1    1     1     1     1   53    1    1  3.39227E+15 0.00369 
   54    1    1    1     1     1     1   54    1    1  3.37901E+15 0.00318 
   55    1    1    1     1     1     1   55    1    1  3.35965E+15 0.00325 
   56    1    1    1     1     1     1   56    1    1  3.34050E+15 0.00276 
   57    1    1    1     1     1     1   57    1    1  3.33637E+15 0.00336 
   58    1    1    1     1     1     1   58    1    1  3.31258E+15 0.00324 
   59    1    1    1     1     1     1   59    1    1  3.31058E+15 0.00295 
   60    1    1    1     1     1     1   60    1    1  3.26582E+15 0.00328 
   61    1    1    1     1     1     1   61    1    1  3.25582E+15 0.00267 
   62    1    1    1     1     1     1   62    1    1  3.22016E+15 0.00290 
   63    1    1    1     1     1     1   63    1    1  3.18695E+15 0.00291 
   64    1    1    1     1     1     1   64    1    1  3.15532E+15 0.00380 
   65    1    1    1     1     1     1   65    1    1  3.12512E+15 0.00345 
   66    1    1    1     1     1     1   66    1    1  3.08002E+15 0.00309 
   67    1    1    1     1     1     1   67    1    1  3.03132E+15 0.00285 
   68    1    1    1     1     1     1   68    1    1  3.00017E+15 0.00336 
   69    1    1    1     1     1     1   69    1    1  2.94818E+15 0.00318 
   70    1    1    1     1     1     1   70    1    1  2.91463E+15 0.00346 
   71    1    1    1     1     1     1   71    1    1  2.85607E+15 0.00364 
   72    1    1    1     1     1     1   72    1    1  2.80053E+15 0.00388 
   73    1    1    1     1     1     1   73    1    1  2.73116E+15 0.00327 
   74    1    1    1     1     1     1   74    1    1  2.70504E+15 0.00329 
   75    1    1    1     1     1     1   75    1    1  2.63106E+15 0.00416 
   76    1    1    1     1     1     1   76    1    1  2.56624E+15 0.00302 
   77    1    1    1     1     1     1   77    1    1  2.50215E+15 0.00369 
   78    1    1    1     1     1     1   78    1    1  2.43404E+15 0.00318 
   79    1    1    1     1     1     1   79    1    1  2.36356E+15 0.00346 
   80    1    1    1     1     1     1   80    1    1  2.28578E+15 0.00411 
   81    1    1    1     1     1     1   81    1    1  2.21665E+15 0.00447 
   82    1    1    1     1     1     1   82    1    1  2.14687E+15 0.00434 
   83    1    1    1     1     1     1   83    1    1  2.06502E+15 0.00364 
   84    1    1    1     1     1     1   84    1    1  1.99824E+15 0.00463 
   85    1    1    1     1     1     1   85    1    1  1.90906E+15 0.00333 
   86    1    1    1     1     1     1   86    1    1  1.83107E+15 0.00405 
   87    1    1    1     1     1     1   87    1    1  1.74339E+15 0.00380 
   88    1    1    1     1     1     1   88    1    1  1.66160E+15 0.00408 
   89    1    1    1     1     1     1   89    1    1  1.57135E+15 0.00418 
   90    1    1    1     1     1     1   90    1    1  1.49502E+15 0.00455 
   91    1    1    1     1     1     1   91    1    1  1.39875E+15 0.00538 
   92    1    1    1     1     1     1   92    1    1  1.30727E+15 0.00494 
   93    1    1    1     1     1     1   93    1    1  1.20791E+15 0.00579 
   94    1    1    1     1     1     1   94    1    1  1.12718E+15 0.00500 
   95    1    1    1     1     1     1   95    1    1  1.03939E+15 0.00457 
   96    1    1    1     1     1     1   96    1    1  9.36848E+14 0.00705 
   97    1    1    1     1     1     1   97    1    1  8.49835E+14 0.00666 
   98    1    1    1     1     1     1   98    1    1  7.42551E+14 0.00671 
   99    1    1    1     1     1     1   99    1    1  6.43706E+14 0.00883 
  100    1    1    1     1     1     1  100    1    1  5.24851E+14 0.00947 
  101    2    1    1     1     1     1    1    1    1  4.41445E+15 0.00297 
  102    2    1    1     1     1     1    2    1    1  5.09672E+15 0.00316 
  103    2    1    1     1     1     1    3    1    1  5.79030E+15 0.00231 
  104    2    1    1     1     1     1    4    1    1  6.39071E+15 0.00240 
  105    2    1    1     1     1     1    5    1    1  6.97549E+15 0.00240 
