
=============================================================================================================================================================================

                                                                             Core map (t=0)

=============================================================================================================================================================================
 Block average:
  Blk ID          Volume Fission neutron           Power      Absorption     Scalar flux
       9        0.001328    0.000000e+00    0.000000e+00    1.497176e+01    1.009458e+02
      20        0.001174    0.000000e+00    0.000000e+00    0.000000e+00    5.731967e+00
      40        0.001290    0.000000e+00    0.000000e+00    0.000000e+00    5.820822e+00
      71        0.000037    3.451529e+02    4.596155e-09    2.096045e+02    6.436437e+01
      72        0.000063    3.379648e+02    4.500452e-09    2.052101e+02    6.300697e+01
      73        0.000095    3.279874e+02    4.367661e-09    1.991330e+02    6.091807e+01
      74        0.000127    3.147236e+02    4.191123e-09    1.910084e+02    5.807028e+01
      75        0.000158    2.991221e+02    3.983549e-09    1.814260e+02    5.453475e+01
      76        0.000190    2.823574e+02    3.760555e-09    1.711174e+02    5.040534e+01
      77        0.000222    2.682979e+02    3.573802e-09    1.621776e+02    4.579669e+01
      78        0.000222    2.720275e+02    3.624442e-09    1.634068e+02    4.141339e+01
      79        0.000127    0.000000e+00    0.000000e+00    5.267710e+00    3.890118e+01
      81        0.000028    3.766895e+02    5.016724e-09    2.292729e+02    6.960630e+01
      82        0.000047    3.692729e+02    4.917971e-09    2.246908e+02    6.817780e+01
      83        0.000071    3.593020e+02    4.785248e-09    2.185716e+02    6.595685e+01
      84        0.000095    3.455115e+02    4.601707e-09    2.100875e+02    6.293333e+01
      85        0.000118    3.281733e+02    4.370942e-09    1.994351e+02    5.918614e+01
      86        0.000142    3.110566e+02    4.143278e-09    1.887971e+02    5.483537e+01
      87        0.000166    2.980322e+02    3.970332e-09    1.803079e+02    5.002925e+01
      88        0.000166    3.052641e+02    4.067722e-09    1.835643e+02    4.553881e+01
      89        0.000095    0.000000e+00    0.000000e+00    5.846292e+00    4.297098e+01
     101        0.000048    6.217087e+02    8.279802e-09    3.765181e+02    1.101293e+02
     102        0.000083    6.101164e+02    8.125455e-09    3.695122e+02    1.078917e+02
     103        0.000124    5.926640e+02    7.893116e-09    3.588416e+02    1.044403e+02
     104        0.000166    5.706350e+02    7.599926e-09    3.452980e+02    9.975011e+01
     105        0.000207    5.435413e+02    7.239364e-09    3.287642e+02    9.394821e+01
     106        0.000249    5.158182e+02    6.870619e-09    3.116457e+02    8.723324e+01
     107        0.000290    4.966217e+02    6.615874e-09    2.992354e+02    7.983397e+01
     108        0.000290    5.150054e+02    6.862675e-09    3.082543e+02    7.277807e+01
     124        0.000161    0.000000e+00    0.000000e+00    2.315730e+00    2.007053e+01
     125        0.000129    0.000000e+00    0.000000e+00    1.551246e+00    1.514151e+01
     126        0.000142    0.000000e+00    0.000000e+00    1.120153e+00    1.185364e+01
     127        0.000155    0.000000e+00    0.000000e+00    8.082623e-01    8.911479e+00
     128        0.000204    0.000000e+00    0.000000e+00    5.451918e-01    5.794061e+00
     129        0.000233    0.000000e+00    0.000000e+00    0.000000e+00    4.324200e+00
     130        0.000401    0.000000e+00    0.000000e+00    0.000000e+00    3.307562e+00
     133        0.000038    0.000000e+00    0.000000e+00    2.147583e+00    1.601446e+01
     134        0.000031    0.000000e+00    0.000000e+00    1.395574e+00    1.160600e+01
     135        0.000034    0.000000e+00    0.000000e+00    9.933426e-01    8.941993e+00
     136        0.000037    0.000000e+00    0.000000e+00    7.067659e-01    6.653763e+00
     137        0.000048    0.000000e+00    0.000000e+00    4.779180e-01    4.359505e+00
     138        0.000055    0.000000e+00    0.000000e+00    0.000000e+00    3.810843e+00
     139        0.000095    0.000000e+00    0.000000e+00    0.000000e+00    3.188512e+00
     201        0.000048    8.648828e+02    1.151830e-08    5.245060e+02    1.529669e+02
     202        0.000083    8.488244e+02    1.130453e-08    5.146806e+02    1.499023e+02
     203        0.000124    8.246041e+02    1.098211e-08    4.998812e+02    1.451681e+02
     204        0.000166    7.936896e+02    1.057062e-08    4.808889e+02    1.387460e+02
     205        0.000207    7.577865e+02    1.009285e-08    4.588532e+02    1.308269e+02
     206        0.000249    7.216238e+02    9.611936e-09    4.363886e+02    1.217014e+02
     207        0.000290    7.003109e+02    9.329467e-09    4.222079e+02    1.117221e+02
     208        0.000290    7.378808e+02    9.832841e-09    4.417601e+02    1.022597e+02
     210        0.000352    0.000000e+00    0.000000e+00    3.750824e+01    2.105205e+01
     251        0.000428    0.000000e+00    0.000000e+00    4.354986e+01    3.397648e+01
     301        0.000048    1.035989e+03    1.379708e-08    6.289894e+02    1.835538e+02
     302        0.000083    1.017701e+03    1.355357e-08    6.176833e+02    1.799219e+02
     303        0.000124    9.898695e+02    1.318309e-08    6.005139e+02    1.742979e+02
     304        0.000166    9.530598e+02    1.269317e-08    5.779857e+02    1.666529e+02
     305        0.000207    9.107238e+02    1.212985e-08    5.519698e+02    1.572278e+02
     306        0.000249    8.684812e+02    1.156807e-08    5.257033e+02    1.463834e+02
     307        0.000290    8.466404e+02    1.127889e-08    5.107550e+02    1.345698e+02
     308        0.000290    8.969889e+02    1.195315e-08    5.372902e+02    1.233888e+02
     340        0.000101    0.000000e+00    0.000000e+00    4.143563e+01    3.024839e+01
     401        0.000048    1.124841e+03    1.498038e-08    6.832231e+02    1.994809e+02
     402        0.000083    1.106327e+03    1.473390e-08    6.717553e+02    1.955645e+02
     403        0.000124    1.076316e+03    1.433442e-08    6.534623e+02    1.894823e+02
     404        0.000166    1.036811e+03    1.380857e-08    6.290453e+02    1.811989e+02
     405        0.000207    9.901532e+02    1.318773e-08    6.003472e+02    1.709983e+02
     406        0.000249    9.455114e+02    1.259411e-08    5.723852e+02    1.592588e+02
     407        0.000290    9.218873e+02    1.228135e-08    5.563252e+02    1.464784e+02
     408        0.000290    9.801104e+02    1.306085e-08    5.872509e+02    1.343976e+02
     410        0.000387    0.000000e+00    0.000000e+00    1.786324e+01    2.228541e+01
     501        0.000048    1.123997e+03    1.496912e-08    6.828172e+02    1.994738e+02
     502        0.000083    1.105569e+03    1.472378e-08    6.714580e+02    1.955610e+02
     503        0.000124    1.075735e+03    1.432668e-08    6.530463e+02    1.894791e+02
     504        0.000166    1.036161e+03    1.379993e-08    6.286684e+02    1.811951e+02
     505        0.000207    9.901656e+02    1.318790e-08    6.002980e+02    1.709964e+02
     506        0.000249    9.447223e+02    1.258358e-08    5.720523e+02    1.592501e+02
     507        0.000290    9.218473e+02    1.228082e-08    5.563585e+02    1.464706e+02
     508        0.000290    9.802667e+02    1.306292e-08    5.872888e+02    1.343968e+02
     601        0.000048    1.036642e+03    1.380576e-08    6.292407e+02    1.835887e+02
     602        0.000083    1.017018e+03    1.354447e-08    6.173724e+02    1.799399e+02
     603        0.000124    9.897642e+02    1.318168e-08    6.006338e+02    1.743117e+02
     604        0.000166    9.532832e+02    1.269614e-08    5.781312e+02    1.666590e+02
     605        0.000207    9.106396e+02    1.212870e-08    5.518793e+02    1.572339e+02
     606        0.000249    8.684765e+02    1.156802e-08    5.256894e+02    1.463796e+02
     607        0.000290    8.455018e+02    1.126371e-08    5.101266e+02    1.345584e+02
     608        0.000290    8.969640e+02    1.195280e-08    5.373031e+02    1.233770e+02
     701        0.000048    8.640178e+02    1.150680e-08    5.240602e+02    1.530409e+02
     702        0.000083    8.476083e+02    1.128828e-08    5.139789e+02    1.499806e+02
     703        0.000124    8.254390e+02    1.099321e-08    5.003211e+02    1.452358e+02
     704        0.000166    7.935198e+02    1.056832e-08    4.808740e+02    1.387913e+02
     705        0.000207    7.571239e+02    1.008398e-08    4.584359e+02    1.308491e+02
     706        0.000249    7.208824e+02    9.602032e-09    4.359828e+02    1.216964e+02
     707        0.000290    6.996647e+02    9.320829e-09    4.218273e+02    1.117028e+02
     708        0.000290    7.364803e+02    9.814126e-09    4.409530e+02    1.022193e+02
     801        0.000048    6.202628e+02    8.260372e-09    3.756929e+02    1.102781e+02
     802        0.000083    6.080969e+02    8.098378e-09    3.683474e+02    1.080213e+02
     803        0.000124    5.910001e+02    7.870821e-09    3.578096e+02    1.045346e+02
     804        0.000166    5.684413e+02    7.570573e-09    3.440573e+02    9.980158e+01
     805        0.000207    5.410790e+02    7.206424e-09    3.272748e+02    9.395791e+01
     806        0.000249    5.131165e+02    6.834510e-09    3.100374e+02    8.718273e+01
     807        0.000290    4.938337e+02    6.578613e-09    2.974953e+02    7.971987e+01
     808        0.000290    5.113467e+02    6.813814e-09    3.060890e+02    7.259826e+01
    1000        0.000209    0.000000e+00    0.000000e+00    4.881688e+01    9.931720e+01
    1100        0.000294    0.000000e+00    0.000000e+00    1.794034e+02    9.854228e+01
    1200        0.005069    0.000000e+00    0.000000e+00    7.633547e+00    8.908280e+01
    1300        0.004085    0.000000e+00    0.000000e+00    5.132501e+00    7.529287e+01
    1400        0.004491    0.000000e+00    0.000000e+00    3.812808e+00    6.359769e+01
    1401        0.000020    0.000000e+00    0.000000e+00    1.698041e+01    3.855756e+01
    1402        0.000015    0.000000e+00    0.000000e+00    1.902491e+01    4.260006e+01
    1500        0.004896    0.000000e+00    0.000000e+00    2.874393e+00    5.229088e+01
    1501        0.000028    0.000000e+00    0.000000e+00    5.902830e+01    3.738796e+01
    1502        0.000021    0.000000e+00    0.000000e+00    6.677454e+01    4.136884e+01
    1600        0.006456    0.000000e+00    0.000000e+00    2.099536e+00    4.036821e+01
    1601        0.000484    0.000000e+00    0.000000e+00    3.185567e+00    3.170397e+01
    1602        0.000361    0.000000e+00    0.000000e+00    3.358587e+00    3.538547e+01
    1700        0.007346    0.000000e+00    0.000000e+00    1.434730e+00    2.806604e+01
    1701        0.000390    0.000000e+00    0.000000e+00    2.123177e+00    2.509073e+01
    1702        0.000291    0.000000e+00    0.000000e+00    2.254590e+00    2.819746e+01
    1800        0.012663    0.000000e+00    0.000000e+00    7.680340e-01    1.368383e+01
    1801        0.000428    0.000000e+00    0.000000e+00    1.544808e+00    2.013848e+01
    1802        0.000320    0.000000e+00    0.000000e+00    1.648993e+00    2.269571e+01
    1901        0.000467    0.000000e+00    0.000000e+00    1.126129e+00    1.548971e+01
    1902        0.000349    0.000000e+00    0.000000e+00    1.207108e+00    1.749371e+01
    2001        0.000616    0.000000e+00    0.000000e+00    7.646318e-01    1.020118e+01
    2002        0.000460    0.000000e+00    0.000000e+00    8.208833e-01    1.151705e+01
    2101        0.000701    0.000000e+00    0.000000e+00    0.000000e+00    6.194333e+00
    2102        0.000523    0.000000e+00    0.000000e+00    0.000000e+00    6.759061e+00
    2201        0.001208    0.000000e+00    0.000000e+00    0.000000e+00    3.729959e+00
    2202        0.000902    0.000000e+00    0.000000e+00    0.000000e+00    3.868151e+00

 Block max:
  Blk ID Fission neutron           Power      Absorption     Scalar flux
       9    0.000000e+00    0.000000e+00    1.918856e+01    1.289156e+02
      20    0.000000e+00    0.000000e+00    0.000000e+00    1.499375e+01
      40    0.000000e+00    0.000000e+00    0.000000e+00    1.597658e+01
      71    3.476211e+02    4.629015e-09    2.111070e+02    6.485874e+01
      72    3.428369e+02    4.565305e-09    2.081727e+02    6.400020e+01
      73    3.348622e+02    4.459164e-09    2.033275e+02    6.237996e+01
      74    3.246252e+02    4.322901e-09    1.970549e+02    6.021835e+01
      75    3.109594e+02    4.141047e-09    1.886749e+02    5.723051e+01
      76    2.960782e+02    3.943044e-09    1.795799e+02    5.378646e+01
      77    2.791924e+02    3.718488e-09    1.692632e+02    4.964310e+01
      78    2.935398e+02    3.911780e-09    1.748533e+02    4.523697e+01
      79    0.000000e+00    0.000000e+00    5.399855e+00    4.033559e+01
      81    3.791367e+02    5.049305e-09    2.307732e+02    7.012656e+01
      82    3.741826e+02    4.983325e-09    2.277010e+02    6.922752e+01
      83    3.666118e+02    4.882552e-09    2.230611e+02    6.751164e+01
      84    3.559395e+02    4.740509e-09    2.164865e+02    6.521452e+01
      85    3.407593e+02    4.538422e-09    2.071566e+02    6.204184e+01
      86    3.252336e+02    4.331850e-09    1.975851e+02    5.839943e+01
      87    3.138802e+02    4.182788e-09    1.872034e+02    5.404826e+01
      88    3.305091e+02    4.404876e-09    1.970841e+02    4.948394e+01
      89    0.000000e+00    0.000000e+00    5.978853e+00    4.450751e+01
     101    6.259367e+02    8.336094e-09    3.790859e+02    1.109453e+02
     102    6.184249e+02    8.236062e-09    3.745656e+02    1.095310e+02
     103    6.046194e+02    8.052271e-09    3.661326e+02    1.068544e+02
     104    5.876862e+02    7.826891e-09    3.556974e+02    1.032868e+02
     105    5.637182e+02    7.507848e-09    3.410871e+02    9.836450e+01
     106    5.380289e+02    7.166012e-09    3.253417e+02    9.271091e+01
     107    5.345343e+02    7.123422e-09    3.170302e+02    8.593950e+01
     108    5.643607e+02    7.522519e-09    3.335754e+02    7.875038e+01
     124    0.000000e+00    0.000000e+00    3.015843e+00    2.463550e+01
     125    0.000000e+00    0.000000e+00    2.012147e+00    1.832512e+01
     126    0.000000e+00    0.000000e+00    1.380878e+00    1.395102e+01
     127    0.000000e+00    0.000000e+00    1.003920e+00    1.073099e+01
     128    0.000000e+00    0.000000e+00    7.067931e-01    7.462978e+00
     129    0.000000e+00    0.000000e+00    0.000000e+00    5.258389e+00
     130    0.000000e+00    0.000000e+00    0.000000e+00    4.675610e+00
     133    0.000000e+00    0.000000e+00    2.906126e+00    2.085123e+01
     134    0.000000e+00    0.000000e+00    1.837709e+00    1.430324e+01
     135    0.000000e+00    0.000000e+00    1.235482e+00    1.062643e+01
     136    0.000000e+00    0.000000e+00    8.833355e-01    8.068326e+00
     137    0.000000e+00    0.000000e+00    6.206697e-01    5.601569e+00
     138    0.000000e+00    0.000000e+00    0.000000e+00    4.598232e+00
     139    0.000000e+00    0.000000e+00    0.000000e+00    4.389482e+00
     201    8.706077e+02    1.159453e-08    5.279952e+02    1.540837e+02
     202    8.601840e+02    1.145575e-08    5.216039e+02    1.521490e+02
     203    8.410664e+02    1.120125e-08    5.099223e+02    1.484784e+02
     204    8.167549e+02    1.087763e-08    4.949777e+02    1.435846e+02
     205    7.848062e+02    1.045237e-08    4.753985e+02    1.368521e+02
     206    7.502948e+02    9.993175e-09    4.541689e+02    1.291353e+02
     207    7.717113e+02    1.028433e-08    4.574915e+02    1.199189e+02
     208    8.212092e+02    1.094643e-08    4.852854e+02    1.102248e+02
     210    0.000000e+00    0.000000e+00    4.471119e+01    2.781732e+01
     251    0.000000e+00    0.000000e+00    5.189535e+01    4.437600e+01
     301    1.042740e+03    1.388697e-08    6.331101e+02    1.848776e+02
     302    1.030893e+03    1.372919e-08    6.257545e+02    1.825873e+02
     303    1.009095e+03    1.343901e-08    6.122838e+02    1.782339e+02
     304    9.804863e+02    1.305821e-08    5.947508e+02    1.724144e+02
     305    9.425837e+02    1.255376e-08    5.715116e+02    1.643971e+02
     306    9.018121e+02    1.201124e-08    5.464371e+02    1.552141e+02
     307    9.421382e+02    1.255565e-08    5.586542e+02    1.442727e+02
     308    1.004673e+03    1.339205e-08    5.939524e+02    1.327972e+02
     340    0.000000e+00    0.000000e+00    5.039904e+01    3.980939e+01
     401    1.132082e+03    1.507679e-08    6.876549e+02    2.009080e+02
     402    1.120527e+03    1.492295e-08    6.804525e+02    1.984415e+02
     403    1.097061e+03    1.461057e-08    6.661658e+02    1.937434e+02
     404    1.066469e+03    1.420331e-08    6.471850e+02    1.874403e+02
     405    1.024316e+03    1.364226e-08    6.213263e+02    1.787582e+02
     406    9.813538e+02    1.307066e-08    5.946963e+02    1.688189e+02
     407    1.029445e+03    1.371921e-08    6.105250e+02    1.569793e+02
     408    1.100614e+03    1.467097e-08    6.508278e+02    1.445596e+02
     410    0.000000e+00    0.000000e+00    2.087173e+01    2.947873e+01
     501    1.131102e+03    1.506370e-08    6.871766e+02    2.009003e+02
     502    1.119419e+03    1.490815e-08    6.799695e+02    1.984370e+02
     503    1.096506e+03    1.460316e-08    6.657570e+02    1.937403e+02
     504    1.065945e+03    1.419636e-08    6.468832e+02    1.874367e+02
     505    1.024445e+03    1.364400e-08    6.213367e+02    1.787565e+02
     506    9.806227e+02    1.306090e-08    5.944005e+02    1.688132e+02
     507    1.029467e+03    1.371950e-08    6.106053e+02    1.569704e+02
     508    1.100671e+03    1.467172e-08    6.508117e+02    1.445567e+02
     601    1.043441e+03    1.389628e-08    6.333858e+02    1.849182e+02
     602    1.030349e+03    1.372194e-08    6.255178e+02    1.826135e+02
     603    1.009047e+03    1.343837e-08    6.124437e+02    1.782519e+02
     604    9.807994e+02    1.306238e-08    5.949495e+02    1.724247e+02
     605    9.423968e+02    1.255123e-08    5.713631e+02    1.644056e+02
     606    9.019551e+02    1.201316e-08    5.465065e+02    1.552169e+02
     607    9.406621e+02    1.253596e-08    5.578539e+02    1.442660e+02
     608    1.004796e+03    1.339369e-08    5.940486e+02    1.327874e+02
     701    8.695098e+02    1.157991e-08    5.274262e+02    1.541559e+02
     702    8.586278e+02    1.143496e-08    5.207274e+02    1.522272e+02
     703    8.419721e+02    1.121330e-08    5.104106e+02    1.485564e+02
     704    8.166430e+02    1.087609e-08    4.949983e+02    1.436459e+02
     705    7.842426e+02    1.044480e-08    4.750356e+02    1.368914e+02
     706    7.497116e+02    9.985379e-09    4.538581e+02    1.291487e+02
     707    7.706215e+02    1.026977e-08    4.568545e+02    1.199112e+02
     708    8.193521e+02    1.092163e-08    4.842308e+02    1.102005e+02
     801    6.245447e+02    8.317379e-09    3.782917e+02    1.111005e+02
     802    6.165405e+02    8.210779e-09    3.734792e+02    1.096753e+02
     803    6.031311e+02    8.032312e-09    3.651987e+02    1.069732e+02
     804    5.855935e+02    7.798878e-09    3.545145e+02    1.033678e+02
     805    5.612533e+02    7.474868e-09    3.396047e+02    9.840787e+01
     806    5.355529e+02    7.132905e-09    3.238736e+02    9.270609e+01
     807    5.314690e+02    7.082473e-09    3.151116e+02    8.586826e+01
     808    5.607750e+02    7.474633e-09    3.314567e+02    7.860362e+01
    1000    0.000000e+00    0.000000e+00    6.178396e+01    1.238935e+02
    1100    0.000000e+00    0.000000e+00    2.301140e+02    1.236143e+02
    1200    0.000000e+00    0.000000e+00    1.234641e+01    1.218863e+02
    1300    0.000000e+00    0.000000e+00    8.021307e+00    1.064194e+02
    1400    0.000000e+00    0.000000e+00    5.680099e+00    9.015454e+01
    1401    0.000000e+00    0.000000e+00    1.705113e+01    3.892470e+01
    1402    0.000000e+00    0.000000e+00    1.909005e+01    4.299816e+01
    1500    0.000000e+00    0.000000e+00    4.316385e+00    7.620584e+01
    1501    0.000000e+00    0.000000e+00    5.998872e+01    3.807977e+01
    1502    0.000000e+00    0.000000e+00    6.786989e+01    4.209437e+01
    1600    0.000000e+00    0.000000e+00    3.248059e+00    6.185583e+01
    1601    0.000000e+00    0.000000e+00    4.174388e+00    3.692965e+01
    1602    0.000000e+00    0.000000e+00    4.381200e+00    4.091670e+01
    1700    0.000000e+00    0.000000e+00    2.308229e+00    4.578042e+01
    1701    0.000000e+00    0.000000e+00    2.731434e+00    2.955585e+01
    1702    0.000000e+00    0.000000e+00    2.886165e+00    3.310952e+01
    1800    0.000000e+00    0.000000e+00    1.559705e+00    3.037132e+01
    1801    0.000000e+00    0.000000e+00    1.889117e+00    2.335044e+01
    1802    0.000000e+00    0.000000e+00    2.009421e+00    2.627455e+01
    1901    0.000000e+00    0.000000e+00    1.386186e+00    1.840779e+01
    1902    0.000000e+00    0.000000e+00    1.480905e+00    2.076178e+01
    2001    0.000000e+00    0.000000e+00    9.851553e-01    1.306484e+01
    2002    0.000000e+00    0.000000e+00    1.055210e+00    1.475015e+01
    2101    0.000000e+00    0.000000e+00    0.000000e+00    7.865313e+00
    2102    0.000000e+00    0.000000e+00    0.000000e+00    8.649617e+00
    2201    0.000000e+00    0.000000e+00    0.000000e+00    5.734625e+00
    2202    0.000000e+00    0.000000e+00    0.000000e+00    6.066605e+00

