
DETEnergyDetector = [
    1    1    1    1     1     1     1    1    1    1  7.14331E-09 0.25929 
    2    2    1    1     1     1     1    1    1    1  4.98507E-10 0.27955 
    3    3    1    1     1     1     1    1    1    1  7.39810E-10 0.22633 
    4    4    1    1     1     1     1    1    1    1  8.00765E-10 0.24544 
    5    5    1    1     1     1     1    1    1    1  9.93170E-10 0.21154 
    6    6    1    1     1     1     1    1    1    1  6.24613E-10 0.25366 
    7    7    1    1     1     1     1    1    1    1  6.95490E-10 0.20752 
    8    8    1    1     1     1     1    1    1    1  1.51439E-09 0.16878 
    9    9    1    1     1     1     1    1    1    1  9.94705E-10 0.19954 
   10   10    1    1     1     1     1    1    1    1  1.51401E-09 0.16080 
   11   11    1    1     1     1     1    1    1    1  1.88417E-09 0.14934 
   12   12    1    1     1     1     1    1    1    1  1.97172E-09 0.14991 
   13   13    1    1     1     1     1    1    1    1  2.31667E-09 0.13804 
   14   14    1    1     1     1     1    1    1    1  2.33750E-09 0.14419 
   15   15    1    1     1     1     1    1    1    1  5.74420E-09 0.48992 
   16   16    1    1     1     1     1    1    1    1  3.15795E-09 0.13394 
   17   17    1    1     1     1     1    1    1    1  3.73245E-09 0.12755 
   18   18    1    1     1     1     1    1    1    1  5.15864E-09 0.14244 
   19   19    1    1     1     1     1    1    1    1  8.13376E-09 0.37463 
   20   20    1    1     1     1     1    1    1    1  5.72570E-09 0.11988 
   21   21    1    1     1     1     1    1    1    1  5.56981E-09 0.14307 
   22   22    1    1     1     1     1    1    1    1  6.75926E-09 0.09128 
   23   23    1    1     1     1     1    1    1    1  8.34394E-09 0.09196 
   24   24    1    1     1     1     1    1    1    1  9.72393E-09 0.08986 
   25   25    1    1     1     1     1    1    1    1  1.32340E-08 0.28845 
   26   26    1    1     1     1     1    1    1    1  1.24553E-08 0.08381 
   27   27    1    1     1     1     1    1    1    1  1.34718E-08 0.07623 
   28   28    1    1     1     1     1    1    1    1  1.59604E-08 0.07447 
   29   29    1    1     1     1     1    1    1    1  2.21760E-08 0.18977 
   30   30    1    1     1     1     1    1    1    1  2.05898E-08 0.06441 
   31   31    1    1     1     1     1    1    1    1  2.30577E-08 0.07834 
   32   32    1    1     1     1     1    1    1    1  2.26744E-08 0.06303 
   33   33    1    1     1     1     1    1    1    1  2.86121E-08 0.06301 
   34   34    1    1     1     1     1    1    1    1  2.45938E-08 0.05794 
   35   35    1    1     1     1     1    1    1    1  3.72582E-08 0.13576 
   36   36    1    1     1     1     1    1    1    1  3.48967E-08 0.05509 
   37   37    1    1     1     1     1    1    1    1  7.40022E-08 0.44457 
   38   38    1    1     1     1     1    1    1    1  5.78918E-08 0.13154 
   39   39    1    1     1     1     1    1    1    1  5.15490E-08 0.05080 
   40   40    1    1     1     1     1    1    1    1  7.04123E-08 0.11755 
   41   41    1    1     1     1     1    1    1    1  7.02925E-08 0.09160 
   42   42    1    1     1     1     1    1    1    1  8.00255E-08 0.08309 
   43   43    1    1     1     1     1    1    1    1  8.41724E-08 0.04278 
   44   44    1    1     1     1     1    1    1    1  9.28770E-08 0.04222 
   45   45    1    1     1     1     1    1    1    1  1.17489E-07 0.06457 
   46   46    1    1     1     1     1    1    1    1  1.32673E-07 0.05678 
   47   47    1    1     1     1     1    1    1    1  1.41598E-07 0.03582 
   48   48    1    1     1     1     1    1    1    1  2.51083E-07 0.22749 
   49   49    1    1     1     1     1    1    1    1  1.97918E-07 0.17109 
   50   50    1    1     1     1     1    1    1    1  2.37495E-07 0.15206 
   51   51    1    1     1     1     1    1    1    1  2.64750E-07 0.13410 
   52   52    1    1     1     1     1    1    1    1  3.46584E-07 0.16778 
   53   53    1    1     1     1     1    1    1    1  4.06120E-07 0.16450 
   54   54    1    1     1     1     1    1    1    1  4.49790E-07 0.18068 
   55   55    1    1     1     1     1    1    1    1  6.19660E-07 0.14318 
   56   56    1    1     1     1     1    1    1    1  4.92528E-07 0.12022 
   57   57    1    1     1     1     1    1    1    1  5.90190E-07 0.12599 
   58   58    1    1     1     1     1    1    1    1  5.72300E-07 0.11884 
   59   59    1    1     1     1     1    1    1    1  7.96244E-07 0.10837 
   60   60    1    1     1     1     1    1    1    1  7.00767E-07 0.07518 
   61   61    1    1     1     1     1    1    1    1  9.23154E-07 0.10446 
   62   62    1    1     1     1     1    1    1    1  1.02589E-06 0.08682 
   63   63    1    1     1     1     1    1    1    1  1.05962E-06 0.07259 
   64   64    1    1     1     1     1    1    1    1  1.05809E-06 0.05838 
   65   65    1    1     1     1     1    1    1    1  1.46830E-06 0.07590 
   66   66    1    1     1     1     1    1    1    1  1.67515E-06 0.08592 
   67   67    1    1     1     1     1    1    1    1  1.64028E-06 0.06012 
   68   68    1    1     1     1     1    1    1    1  1.78960E-06 0.05729 
   69   69    1    1     1     1     1    1    1    1  2.19132E-06 0.05995 
   70   70    1    1     1     1     1    1    1    1  2.55939E-06 0.05989 
   71   71    1    1     1     1     1    1    1    1  2.76904E-06 0.05276 
   72   72    1    1     1     1     1    1    1    1  3.10913E-06 0.05014 
   73   73    1    1     1     1     1    1    1    1  3.68821E-06 0.05462 
   74   74    1    1     1     1     1    1    1    1  4.18349E-06 0.05521 
   75   75    1    1     1     1     1    1    1    1  4.37263E-06 0.04888 
   76   76    1    1     1     1     1    1    1    1  4.79717E-06 0.04268 
   77   77    1    1     1     1     1    1    1    1  5.72735E-06 0.04228 
   78   78    1    1     1     1     1    1    1    1  6.17088E-06 0.03732 
   79   79    1    1     1     1     1    1    1    1  6.64397E-06 0.03457 
   80   80    1    1     1     1     1    1    1    1  7.41047E-06 0.03510 
   81   81    1    1     1     1     1    1    1    1  8.61436E-06 0.03281 
   82   82    1    1     1     1     1    1    1    1  9.10020E-06 0.03089 
   83   83    1    1     1     1     1    1    1    1  1.03962E-05 0.03025 
   84   84    1    1     1     1     1    1    1    1  1.13579E-05 0.02686 
   85   85    1    1     1     1     1    1    1    1  1.29815E-05 0.02561 
   86   86    1    1     1     1     1    1    1    1  1.48040E-05 0.02398 
   87   87    1    1     1     1     1    1    1    1  1.64934E-05 0.02154 
   88   88    1    1     1     1     1    1    1    1  1.87704E-05 0.02263 
   89   89    1    1     1     1     1    1    1    1  2.09979E-05 0.02062 
   90   90    1    1     1     1     1    1    1    1  2.36451E-05 0.02001 
   91   91    1    1     1     1     1    1    1    1  2.60981E-05 0.01878 
   92   92    1    1     1     1     1    1    1    1  2.88612E-05 0.01641 
   93   93    1    1     1     1     1    1    1    1  3.20244E-05 0.01598 
   94   94    1    1     1     1     1    1    1    1  3.66136E-05 0.01537 
   95   95    1    1     1     1     1    1    1    1  4.05348E-05 0.01458 
   96   96    1    1     1     1     1    1    1    1  4.53938E-05 0.01353 
   97   97    1    1     1     1     1    1    1    1  4.88231E-05 0.01339 
   98   98    1    1     1     1     1    1    1    1  5.53807E-05 0.01254 
   99   99    1    1     1     1     1    1    1    1  6.23096E-05 0.01250 
  100  100    1    1     1     1     1    1    1    1  6.95188E-05 0.01085 
  101  101    1    1     1     1     1    1    1    1  7.78683E-05 0.01124 
  102  102    1    1     1     1     1    1    1    1  8.57020E-05 0.00953 
  103  103    1    1     1     1     1    1    1    1  9.42231E-05 0.00992 
  104  104    1    1     1     1     1    1    1    1  1.06923E-04 0.00916 
