
DETfgs_spec = [
    1    1    1    1     1     1     1    1    1    1  1.72086E-01 0.00113 
    2    2    1    1     1     1     1    1    1    1  9.72310E-01 0.00048 
    3    3    1    1     1     1     1    1    1    1  1.18725E+00 0.00032 
    4    4    1    1     1     1     1    1    1    1  7.15837E-01 0.00034 
    5    5    1    1     1     1     1    1    1    1  8.98148E-01 0.00030 
    6    6    1    1     1     1     1    1    1    1  1.00290E+00 0.00028 
    7    7    1    1     1     1     1    1    1    1  9.46245E-01 0.00030 
    8    8    1    1     1     1     1    1    1    1  1.30971E+00 0.00026 
    9    9    1    1     1     1     1    1    1    1  1.94689E+00 0.00021 
   10   10    1    1     1     1     1    1    1    1  2.15830E+00 0.00022 
   11   11    1    1     1     1     1    1    1    1  2.31616E+00 0.00020 
   12   12    1    1     1     1     1    1    1    1  3.46449E+00 0.00018 
   13   13    1    1     1     1     1    1    1    1  4.24267E+00 0.00016 
   14   14    1    1     1     1     1    1    1    1  3.23296E+00 0.00019 
   15   15    1    1     1     1     1    1    1    1  2.65345E+00 0.00022 
   16   16    1    1     1     1     1    1    1    1  3.88813E+00 0.00020 
   17   17    1    1     1     1     1    1    1    1  1.50101E+00 0.00032 
   18   18    1    1     1     1     1    1    1    1  2.17181E-01 0.00088 
];


DETfgs_specE = [
 5.00000E-09  2.50000E-08  1.50000E-08
 2.50000E-08  1.00000E-07  6.25000E-08
 1.00000E-07  4.00000E-07  2.50000E-07
 4.00000E-07  9.96000E-07  6.98000E-07
 9.96000E-07  3.00000E-06  1.99800E-06
 3.00000E-06  9.87700E-06  6.43850E-06
 9.87700E-06  2.77000E-05  1.87885E-05
 2.77000E-05  1.00000E-04  6.38500E-05
 1.00000E-04  5.50000E-04  3.25000E-04
 5.50000E-04  3.00000E-03  1.77500E-03
 3.00000E-03  1.50300E-02  9.01500E-03
 1.50300E-02  1.00000E-01  5.75150E-02
 1.00000E-01  4.00000E-01  2.50000E-01
 4.00000E-01  8.21000E-01  6.10500E-01
 8.21000E-01  1.35300E+00  1.08700E+00
 1.35300E+00  3.00000E+00  2.17650E+00
 3.00000E+00  6.06550E+00  4.53275E+00
 6.06550E+00  2.00000E+01  1.30328E+01
];

DETnuFissRate100 = [
    1    1    1    1     1     1     1    1    1    1  1.11543E+00 0.00009 
];


DETcapRate100 = [
    1    1    1    1     1     1     1    1    1    1  2.06163E-01 0.00009 
];


DETnuFissRate900 = [
    1    1    1    1     1     1     1    1    1    1  0.00000E+00 0.00000 
];


DETcapRate900 = [
    1    1    1    1     1     1     1    1    1    1  7.70892E-06 0.00098 
];


DETnuFissRate1100 = [
    1    1    1    1     1     1     1    1    1    1  0.00000E+00 0.00000 
];


DETcapRate1100 = [
    1    1    1    1     1     1     1    1    1    1  1.00095E-03 0.00098 
];


DETnuFissRate1200 = [
    1    1    1    1     1     1     1    1    1    1  0.00000E+00 0.00000 
];


DETcapRate1200 = [
    1    1    1    1     1     1     1    1    1    1  4.94509E-03 0.00069 
];


DETnuFissRate1300 = [
    1    1    1    1     1     1     1    1    1    1  0.00000E+00 0.00000 
];


DETcapRate1300 = [
    1    1    1    1     1     1     1    1    1    1  9.60428E-03 0.00029 
];

