
DETfgs_spec = [
    1    1    1    1     1     1     1    1    1    1  1.72306E-01 0.00122 
    2    2    1    1     1     1     1    1    1    1  9.73146E-01 0.00055 
    3    3    1    1     1     1     1    1    1    1  1.18736E+00 0.00032 
    4    4    1    1     1     1     1    1    1    1  7.15891E-01 0.00034 
    5    5    1    1     1     1     1    1    1    1  8.97634E-01 0.00031 
    6    6    1    1     1     1     1    1    1    1  1.00323E+00 0.00030 
    7    7    1    1     1     1     1    1    1    1  9.46525E-01 0.00031 
    8    8    1    1     1     1     1    1    1    1  1.30959E+00 0.00025 
    9    9    1    1     1     1     1    1    1    1  1.94704E+00 0.00022 
   10   10    1    1     1     1     1    1    1    1  2.15934E+00 0.00021 
   11   11    1    1     1     1     1    1    1    1  2.31654E+00 0.00022 
   12   12    1    1     1     1     1    1    1    1  3.46521E+00 0.00019 
   13   13    1    1     1     1     1    1    1    1  4.24378E+00 0.00017 
   14   14    1    1     1     1     1    1    1    1  3.23370E+00 0.00019 
   15   15    1    1     1     1     1    1    1    1  2.65349E+00 0.00021 
   16   16    1    1     1     1     1    1    1    1  3.88717E+00 0.00021 
   17   17    1    1     1     1     1    1    1    1  1.50190E+00 0.00028 
   18   18    1    1     1     1     1    1    1    1  2.17030E-01 0.00087 
];


DETfgs_specE = [
 5.00000E-09  2.50000E-08  1.50000E-08
 2.50000E-08  1.00000E-07  6.25000E-08
 1.00000E-07  4.00000E-07  2.50000E-07
 4.00000E-07  9.96000E-07  6.98000E-07
 9.96000E-07  3.00000E-06  1.99800E-06
 3.00000E-06  9.87700E-06  6.43850E-06
 9.87700E-06  2.77000E-05  1.87885E-05
 2.77000E-05  1.00000E-04  6.38500E-05
 1.00000E-04  5.50000E-04  3.25000E-04
 5.50000E-04  3.00000E-03  1.77500E-03
 3.00000E-03  1.50300E-02  9.01500E-03
 1.50300E-02  1.00000E-01  5.75150E-02
 1.00000E-01  4.00000E-01  2.50000E-01
 4.00000E-01  8.21000E-01  6.10500E-01
 8.21000E-01  1.35300E+00  1.08700E+00
 1.35300E+00  3.00000E+00  2.17650E+00
 3.00000E+00  6.06550E+00  4.53275E+00
 6.06550E+00  2.00000E+01  1.30328E+01
];
