
=============================================================================================================================================================================

                                                                             Core map (t=0)

=============================================================================================================================================================================
 Block average:
  Blk ID          Volume Fission neutron           Power      Absorption     Scalar flux
       9        0.001345    0.000000e+00    0.000000e+00    1.472349e+01    9.911683e+01
      20        0.001174    0.000000e+00    0.000000e+00    0.000000e+00    5.582024e+00
      40        0.001290    0.000000e+00    0.000000e+00    0.000000e+00    5.670437e+00
      71        0.000037    3.404524e+02    4.533582e-09    2.067588e+02    6.274010e+01
      72        0.000063    3.350210e+02    4.461304e-09    2.032633e+02    6.142108e+01
      73        0.000095    3.244419e+02    4.320480e-09    1.968456e+02    5.936986e+01
      74        0.000127    3.114429e+02    4.147474e-09    1.889221e+02    5.657271e+01
      75        0.000158    2.952981e+02    3.932626e-09    1.789731e+02    5.310163e+01
      76        0.000190    2.785251e+02    3.709531e-09    1.687048e+02    4.905580e+01
      77        0.000222    2.647967e+02    3.527188e-09    1.599687e+02    4.454438e+01
      78        0.000222    2.680900e+02    3.571990e-09    1.609992e+02    4.027413e+01
      79        0.000127    0.000000e+00    0.000000e+00    5.148269e+00    3.784622e+01
      81        0.000028    3.722910e+02    4.958163e-09    2.265350e+02    6.779009e+01
      82        0.000047    3.652391e+02    4.864271e-09    2.221323e+02    6.638034e+01
      83        0.000071    3.548941e+02    4.726556e-09    2.157549e+02    6.420603e+01
      84        0.000095    3.404460e+02    4.534269e-09    2.069159e+02    6.124033e+01
      85        0.000118    3.237192e+02    4.311660e-09    1.966726e+02    5.756820e+01
      86        0.000142    3.068855e+02    4.087739e-09    1.862108e+02    5.331571e+01
      87        0.000166    2.937853e+02    3.913781e-09    1.777000e+02    4.861918e+01
      88        0.000166    3.000361e+02    3.998065e-09    1.803876e+02    4.425465e+01
      89        0.000095    0.000000e+00    0.000000e+00    5.698769e+00    4.178153e+01
     101        0.000049    6.174059e+02    8.222553e-09    3.738364e+02    1.078650e+02
     102        0.000084    6.058774e+02    8.069042e-09    3.667635e+02    1.056735e+02
     103        0.000126    5.890615e+02    7.845198e-09    3.565278e+02    1.022722e+02
     104        0.000168    5.660165e+02    7.538427e-09    3.423892e+02    9.763813e+01
     105        0.000210    5.397762e+02    7.189272e-09    3.263159e+02    9.192092e+01
     106        0.000252    5.117703e+02    6.816750e-09    3.089317e+02    8.530335e+01
     107        0.000294    4.919922e+02    6.554225e-09    2.962901e+02    7.801907e+01
     108        0.000294    5.090052e+02    6.782765e-09    3.046211e+02    7.109105e+01
     124        0.000161    0.000000e+00    0.000000e+00    2.245297e+00    1.951403e+01
     125        0.000129    0.000000e+00    0.000000e+00    1.506944e+00    1.474243e+01
     126        0.000142    0.000000e+00    0.000000e+00    1.089159e+00    1.155065e+01
     127        0.000155    0.000000e+00    0.000000e+00    7.860396e-01    8.688735e+00
     128        0.000204    0.000000e+00    0.000000e+00    5.314780e-01    5.651755e+00
     129        0.000233    0.000000e+00    0.000000e+00    0.000000e+00    4.221754e+00
     130        0.000401    0.000000e+00    0.000000e+00    0.000000e+00    3.229879e+00
     133        0.000038    0.000000e+00    0.000000e+00    2.082194e+00    1.557159e+01
     134        0.000031    0.000000e+00    0.000000e+00    1.353704e+00    1.130207e+01
     135        0.000034    0.000000e+00    0.000000e+00    9.625966e-01    8.714878e+00
     136        0.000037    0.000000e+00    0.000000e+00    6.900595e-01    6.488975e+00
     137        0.000048    0.000000e+00    0.000000e+00    4.659051e-01    4.253778e+00
     138        0.000055    0.000000e+00    0.000000e+00    0.000000e+00    3.722073e+00
     139        0.000095    0.000000e+00    0.000000e+00    0.000000e+00    3.114856e+00
     201        0.000049    8.635546e+02    1.150076e-08    5.232358e+02    1.505004e+02
     202        0.000084    8.463265e+02    1.127132e-08    5.129838e+02    1.474770e+02
     203        0.000126    8.231481e+02    1.096276e-08    4.987018e+02    1.427930e+02
     204        0.000168    7.914573e+02    1.054096e-08    4.792919e+02    1.364114e+02
     205        0.000210    7.547180e+02    1.005203e-08    4.567646e+02    1.285633e+02
     206        0.000252    7.184752e+02    9.570031e-09    4.342495e+02    1.195154e+02
     207        0.000294    6.964969e+02    9.278675e-09    4.197056e+02    1.096460e+02
     208        0.000294    7.322316e+02    9.757574e-09    4.382257e+02    1.003108e+02
     210        0.000352    0.000000e+00    0.000000e+00    3.643522e+01    2.042295e+01
     251        0.000428    0.000000e+00    0.000000e+00    4.221852e+01    3.297365e+01
     301        0.000049    1.034556e+03    1.377809e-08    6.278717e+02    1.809492e+02
     302        0.000084    1.017449e+03    1.355040e-08    6.173278e+02    1.773502e+02
     303        0.000126    9.882667e+02    1.316182e-08    5.993235e+02    1.717636e+02
     304        0.000168    9.521395e+02    1.268097e-08    5.772035e+02    1.641694e+02
     305        0.000210    9.094289e+02    1.211266e-08    5.508101e+02    1.548239e+02
     306        0.000252    8.663243e+02    1.153940e-08    5.241180e+02    1.440489e+02
     307        0.000294    8.433699e+02    1.123537e-08    5.084746e+02    1.323229e+02
     308        0.000294    8.922027e+02    1.188943e-08    5.341533e+02    1.212645e+02
     340        0.000101    0.000000e+00    0.000000e+00    4.013164e+01    2.935293e+01
     401        0.000049    1.125478e+03    1.498897e-08    6.832673e+02    1.968815e+02
     402        0.000084    1.106477e+03    1.473595e-08    6.716012e+02    1.929714e+02
     403        0.000126    1.076417e+03    1.433584e-08    6.530679e+02    1.869136e+02
     404        0.000168    1.035743e+03    1.379445e-08    6.281587e+02    1.786713e+02
     405        0.000210    9.891772e+02    1.317482e-08    5.995089e+02    1.685255e+02
     406        0.000252    9.432473e+02    1.256400e-08    5.708335e+02    1.568439e+02
     407        0.000294    9.198398e+02    1.225412e-08    5.547447e+02    1.441467e+02
     408        0.000294    9.749296e+02    1.299186e-08    5.840061e+02    1.321840e+02
     410        0.000387    0.000000e+00    0.000000e+00    1.738250e+01    2.162047e+01
     501        0.000049    1.125943e+03    1.499510e-08    6.836842e+02    1.969092e+02
     502        0.000084    1.107148e+03    1.474494e-08    6.721735e+02    1.930049e+02
     503        0.000126    1.076346e+03    1.433493e-08    6.531085e+02    1.869372e+02
     504        0.000168    1.036371e+03    1.380284e-08    6.285011e+02    1.786949e+02
     505        0.000210    9.899377e+02    1.318492e-08    5.999014e+02    1.685481e+02
     506        0.000252    9.432180e+02    1.256361e-08    5.708120e+02    1.568579e+02
     507        0.000294    9.194579e+02    1.224901e-08    5.545871e+02    1.441577e+02
     508        0.000294    9.748798e+02    1.299117e-08    5.839279e+02    1.321970e+02
     601        0.000049    1.036001e+03    1.379733e-08    6.286705e+02    1.810525e+02
     602        0.000084    1.017652e+03    1.355301e-08    6.174609e+02    1.774411e+02
     603        0.000126    9.889966e+02    1.317153e-08    5.998702e+02    1.718484e+02
     604        0.000168    9.519650e+02    1.267865e-08    5.770946e+02    1.642539e+02
     605        0.000210    9.097342e+02    1.211668e-08    5.510573e+02    1.548905e+02
     606        0.000252    8.657980e+02    1.153238e-08    5.237993e+02    1.440978e+02
     607        0.000294    8.434614e+02    1.123658e-08    5.085084e+02    1.323629e+02
     608        0.000294    8.925480e+02    1.189400e-08    5.343546e+02    1.212951e+02
     701        0.000049    8.609193e+02    1.146554e-08    5.219366e+02    1.506262e+02
     702        0.000084    8.475623e+02    1.128775e-08    5.136254e+02    1.476252e+02
     703        0.000126    8.227809e+02    1.095787e-08    4.985680e+02    1.429266e+02
     704        0.000168    7.922328e+02    1.055127e-08    4.797128e+02    1.365464e+02
     705        0.000210    7.549753e+02    1.005545e-08    4.569309e+02    1.286764e+02
     706        0.000252    7.182924e+02    9.567581e-09    4.341894e+02    1.195857e+02
     707        0.000294    6.958781e+02    9.270418e-09    4.193696e+02    1.096754e+02
     708        0.000294    7.312224e+02    9.744104e-09    4.376429e+02    1.003146e+02
     801        0.000049    6.167821e+02    8.214109e-09    3.733316e+02    1.081113e+02
     802        0.000084    6.050911e+02    8.058434e-09    3.662680e+02    1.058954e+02
     803        0.000126    5.876001e+02    7.825599e-09    3.556393e+02    1.024620e+02
     804        0.000168    5.643221e+02    7.515761e-09    3.413638e+02    9.778519e+01
     805        0.000210    5.377740e+02    7.162472e-09    3.251563e+02    9.201600e+01
     806        0.000252    5.089774e+02    6.779393e-09    3.073603e+02    8.532483e+01
     807        0.000294    4.899955e+02    6.527519e-09    2.950323e+02    7.796703e+01
     808        0.000294    5.055403e+02    6.736474e-09    3.025702e+02    7.096944e+01
    1000        0.000211    0.000000e+00    0.000000e+00    4.830401e+01    9.753568e+01
    1100        0.000297    0.000000e+00    0.000000e+00    1.779525e+02    9.676499e+01
    1200        0.005134    0.000000e+00    0.000000e+00    7.484643e+00    8.752683e+01
    1300        0.004137    0.000000e+00    0.000000e+00    5.037933e+00    7.403565e+01
    1400        0.004548    0.000000e+00    0.000000e+00    3.746490e+00    6.257218e+01
    1401        0.000020    0.000000e+00    0.000000e+00    1.663585e+01    3.752343e+01
    1402        0.000015    0.000000e+00    0.000000e+00    1.862571e+01    4.143102e+01
    1500        0.004959    0.000000e+00    0.000000e+00    2.826312e+00    5.147593e+01
    1501        0.000028    0.000000e+00    0.000000e+00    5.799659e+01    3.637841e+01
    1502        0.000021    0.000000e+00    0.000000e+00    6.567026e+01    4.022858e+01
    1600        0.006538    0.000000e+00    0.000000e+00    2.066393e+00    3.976207e+01
    1601        0.000484    0.000000e+00    0.000000e+00    3.097044e+00    3.087342e+01
    1602        0.000361    0.000000e+00    0.000000e+00    3.260198e+00    3.443973e+01
    1700        0.007440    0.000000e+00    0.000000e+00    1.412922e+00    2.766091e+01
    1701        0.000390    0.000000e+00    0.000000e+00    2.065850e+00    2.446162e+01
    1702        0.000291    0.000000e+00    0.000000e+00    2.191189e+00    2.747616e+01
    1800        0.012824    0.000000e+00    0.000000e+00    7.560353e-01    1.349119e+01
    1801        0.000428    0.000000e+00    0.000000e+00    1.503998e+00    1.964692e+01
    1802        0.000320    0.000000e+00    0.000000e+00    1.605910e+00    2.213253e+01
    1901        0.000467    0.000000e+00    0.000000e+00    1.097498e+00    1.511997e+01
    1902        0.000349    0.000000e+00    0.000000e+00    1.177140e+00    1.706976e+01
    2001        0.000616    0.000000e+00    0.000000e+00    7.456483e-01    9.961854e+00
    2002        0.000460    0.000000e+00    0.000000e+00    8.010885e-01    1.124280e+01
    2101        0.000701    0.000000e+00    0.000000e+00    0.000000e+00    6.051986e+00
    2102        0.000523    0.000000e+00    0.000000e+00    0.000000e+00    6.601167e+00
    2201        0.001208    0.000000e+00    0.000000e+00    0.000000e+00    3.644536e+00
    2202        0.000902    0.000000e+00    0.000000e+00    0.000000e+00    3.778096e+00

 Block max:
  Blk ID Fission neutron           Power      Absorption     Scalar flux
       9    0.000000e+00    0.000000e+00    1.891333e+01    1.268143e+02
      20    0.000000e+00    0.000000e+00    0.000000e+00    1.456192e+01
      40    0.000000e+00    0.000000e+00    0.000000e+00    1.552072e+01
      71    3.427897e+02    4.564702e-09    2.081938e+02    6.322082e+01
      72    3.396099e+02    4.522390e-09    2.060745e+02    6.239034e+01
      73    3.312170e+02    4.410652e-09    2.009845e+02    6.080563e+01
      74    3.214503e+02    4.280664e-09    1.950163e+02    5.868273e+01
      75    3.071159e+02    4.089868e-09    1.862052e+02    5.574576e+01
      76    2.922405e+02    3.891956e-09    1.771533e+02    5.236857e+01
      77    2.757038e+02    3.672053e-09    1.670511e+02    4.830759e+01
      78    2.892220e+02    3.854249e-09    1.722507e+02    4.399798e+01
      79    0.000000e+00    0.000000e+00    5.275254e+00    3.924017e+01
      81    3.749856e+02    4.994041e-09    2.281717e+02    6.830472e+01
      82    3.704418e+02    4.933532e-09    2.253006e+02    6.741284e+01
      83    3.621312e+02    4.822892e-09    2.201924e+02    6.572879e+01
      84    3.509662e+02    4.674302e-09    2.133540e+02    6.347717e+01
      85    3.361801e+02    4.477477e-09    2.043259e+02    6.036448e+01
      86    3.209673e+02    4.275049e-09    1.949355e+02    5.680043e+01
      87    3.097021e+02    4.127137e-09    1.846170e+02    5.254398e+01
      88    3.248530e+02    4.329503e-09    1.936967e+02    4.808813e+01
      89    0.000000e+00    0.000000e+00    5.825381e+00    4.327241e+01
     101    6.213925e+02    8.275623e-09    3.762726e+02    1.086644e+02
     102    6.137941e+02    8.174417e-09    3.716025e+02    1.072820e+02
     103    6.011379e+02    8.005964e-09    3.638828e+02    1.046547e+02
     104    5.832623e+02    7.767989e-09    3.528905e+02    1.011299e+02
     105    5.600177e+02    7.458629e-09    3.386748e+02    9.627351e+01
     106    5.339772e+02    7.112101e-09    3.226183e+02    9.070007e+01
     107    5.297574e+02    7.059788e-09    3.140297e+02    8.402773e+01
     108    5.581518e+02    7.439804e-09    3.298546e+02    7.694692e+01
     124    0.000000e+00    0.000000e+00    2.921898e+00    2.393466e+01
     125    0.000000e+00    0.000000e+00    1.953191e+00    1.782953e+01
     126    0.000000e+00    0.000000e+00    1.342210e+00    1.358817e+01
     127    0.000000e+00    0.000000e+00    9.759453e-01    1.045862e+01
     128    0.000000e+00    0.000000e+00    6.886666e-01    7.276707e+00
     129    0.000000e+00    0.000000e+00    0.000000e+00    5.132116e+00
     130    0.000000e+00    0.000000e+00    0.000000e+00    4.564786e+00
     133    0.000000e+00    0.000000e+00    2.815529e+00    2.025835e+01
     134    0.000000e+00    0.000000e+00    1.781782e+00    1.391954e+01
     135    0.000000e+00    0.000000e+00    1.196734e+00    1.035187e+01
     136    0.000000e+00    0.000000e+00    8.621155e-01    7.865457e+00
     137    0.000000e+00    0.000000e+00    6.049088e-01    5.463615e+00
     138    0.000000e+00    0.000000e+00    0.000000e+00    4.490448e+00
     139    0.000000e+00    0.000000e+00    0.000000e+00    4.287230e+00
     201    8.690730e+02    1.157423e-08    5.266068e+02    1.516008e+02
     202    8.573835e+02    1.141851e-08    5.197343e+02    1.496941e+02
     203    8.397421e+02    1.118366e-08    5.088159e+02    1.460744e+02
     204    8.149221e+02    1.085329e-08    4.936002e+02    1.412160e+02
     205    7.817648e+02    1.041191e-08    4.733314e+02    1.345337e+02
     206    7.476512e+02    9.958006e-09    4.523067e+02    1.268817e+02
     207    7.674853e+02    1.022803e-08    4.548008e+02    1.177525e+02
     208    8.153233e+02    1.086799e-08    4.816511e+02    1.081611e+02
     210    0.000000e+00    0.000000e+00    4.347930e+01    2.701222e+01
     251    0.000000e+00    0.000000e+00    5.042598e+01    4.311457e+01
     301    1.041241e+03    1.386709e-08    6.319618e+02    1.822610e+02
     302    1.030620e+03    1.372572e-08    6.253876e+02    1.799938e+02
     303    1.007853e+03    1.342255e-08    6.112740e+02    1.756746e+02
     304    9.798800e+02    1.305022e-08    5.941545e+02    1.698906e+02
     305    9.412205e+02    1.253566e-08    5.703173e+02    1.619377e+02
     306    9.004164e+02    1.199272e-08    5.452735e+02    1.528209e+02
     307    9.384322e+02    1.250630e-08    5.561331e+02    1.419497e+02
     308    9.998741e+02    1.332814e-08    5.908045e+02    1.305589e+02
     340    0.000000e+00    0.000000e+00    4.888346e+01    3.867158e+01
     401    1.132996e+03    1.508907e-08    6.878545e+02    1.983062e+02
     402    1.121340e+03    1.493381e-08    6.806654e+02    1.958416e+02
     403    1.097615e+03    1.461803e-08    6.660229e+02    1.911562e+02
     404    1.065516e+03    1.419074e-08    6.463870e+02    1.848806e+02
     405    1.023821e+03    1.363577e-08    6.207677e+02    1.762450e+02
     406    9.798392e+02    1.305055e-08    5.935761e+02    1.663522e+02
     407    1.027214e+03    1.368952e-08    6.088535e+02    1.545761e+02
     408    1.095190e+03    1.459872e-08    6.474613e+02    1.422351e+02
     410    0.000000e+00    0.000000e+00    2.031236e+01    2.862678e+01
     501    1.133372e+03    1.509401e-08    6.882113e+02    1.983325e+02
     502    1.121792e+03    1.493990e-08    6.811051e+02    1.958744e+02
     503    1.097599e+03    1.461784e-08    6.660942e+02    1.911842e+02
     504    1.066336e+03    1.420169e-08    6.468285e+02    1.849046e+02
     505    1.024700e+03    1.364746e-08    6.212331e+02    1.762698e+02
     506    9.798039e+02    1.305007e-08    5.935564e+02    1.663711e+02
     507    1.026977e+03    1.368634e-08    6.087559e+02    1.545889e+02
     508    1.095025e+03    1.459649e-08    6.473238e+02    1.422486e+02
     601    1.042723e+03    1.388682e-08    6.327850e+02    1.823675e+02
     602    1.030916e+03    1.372959e-08    6.255787e+02    1.800910e+02
     603    1.008619e+03    1.343273e-08    6.118387e+02    1.757620e+02
     604    9.797490e+02    1.304846e-08    5.940626e+02    1.699782e+02
     605    9.418443e+02    1.254393e-08    5.707647e+02    1.620168e+02
     606    8.996681e+02    1.198274e-08    5.448452e+02    1.528815e+02
     607    9.382051e+02    1.250326e-08    5.559805e+02    1.419987e+02
     608    9.999649e+02    1.332933e-08    5.908632e+02    1.305992e+02
     701    8.662103e+02    1.153599e-08    5.252122e+02    1.517180e+02
     702    8.583609e+02    1.143152e-08    5.202707e+02    1.498360e+02
     703    8.392681e+02    1.117735e-08    5.086264e+02    1.462156e+02
     704    8.155949e+02    1.086223e-08    4.939768e+02    1.413544e+02
     705    7.821861e+02    1.041751e-08    4.735994e+02    1.346668e+02
     706    7.477755e+02    9.959651e-09    4.524295e+02    1.269841e+02
     707    7.665972e+02    1.021618e-08    4.542830e+02    1.178078e+02
     708    8.140461e+02    1.085095e-08    4.809040e+02    1.081848e+02
     801    6.208661e+02    8.268484e-09    3.758365e+02    1.089184e+02
     802    6.131347e+02    8.165508e-09    3.711972e+02    1.075197e+02
     803    5.996808e+02    7.986417e-09    3.629953e+02    1.048663e+02
     804    5.816621e+02    7.746567e-09    3.519116e+02    1.013080e+02
     805    5.580984e+02    7.432922e-09    3.375748e+02    9.640979e+01
     806    5.317202e+02    7.081878e-09    3.213528e+02    9.077705e+01
     807    5.276089e+02    7.031069e-09    3.126537e+02    8.402659e+01
     808    5.546452e+02    7.392958e-09    3.277888e+02    7.686472e+01
    1000    0.000000e+00    0.000000e+00    6.123420e+01    1.219055e+02
    1100    0.000000e+00    0.000000e+00    2.284688e+02    1.215984e+02
    1200    0.000000e+00    0.000000e+00    1.212210e+01    1.199190e+02
    1300    0.000000e+00    0.000000e+00    7.885383e+00    1.047878e+02
    1400    0.000000e+00    0.000000e+00    5.589765e+00    8.882063e+01
    1401    0.000000e+00    0.000000e+00    1.670083e+01    3.787956e+01
    1402    0.000000e+00    0.000000e+00    1.868412e+01    4.181710e+01
    1500    0.000000e+00    0.000000e+00    4.250219e+00    7.511033e+01
    1501    0.000000e+00    0.000000e+00    5.890001e+01    3.705237e+01
    1502    0.000000e+00    0.000000e+00    6.668718e+01    4.093594e+01
    1600    0.000000e+00    0.000000e+00    3.200989e+00    6.098996e+01
    1601    0.000000e+00    0.000000e+00    4.056010e+00    3.593890e+01
    1602    0.000000e+00    0.000000e+00    4.250944e+00    3.979721e+01
    1700    0.000000e+00    0.000000e+00    2.276098e+00    4.515571e+01
    1701    0.000000e+00    0.000000e+00    2.656273e+00    2.879892e+01
    1702    0.000000e+00    0.000000e+00    2.802946e+00    3.224232e+01
    1800    0.000000e+00    0.000000e+00    1.537592e+00    2.996381e+01
    1801    0.000000e+00    0.000000e+00    1.838510e+00    2.277184e+01
    1802    0.000000e+00    0.000000e+00    1.955962e+00    2.561180e+01
    1901    0.000000e+00    0.000000e+00    1.350393e+00    1.796229e+01
    1902    0.000000e+00    0.000000e+00    1.443703e+00    2.025118e+01
    2001    0.000000e+00    0.000000e+00    9.604397e-01    1.275416e+01
    2002    0.000000e+00    0.000000e+00    1.029414e+00    1.439391e+01
    2101    0.000000e+00    0.000000e+00    0.000000e+00    7.682452e+00
    2102    0.000000e+00    0.000000e+00    0.000000e+00    8.445065e+00
    2201    0.000000e+00    0.000000e+00    0.000000e+00    5.602348e+00
    2202    0.000000e+00    0.000000e+00    0.000000e+00    5.924284e+00

