
=============================================================================================================================================================================

                                                                             Core map (t=0)

=============================================================================================================================================================================
 Block average:
  Blk ID          Volume Fission neutron           Power      Absorption     Scalar flux
       9        0.001328    0.000000e+00    0.000000e+00    1.496713e+01    1.009125e+02
      20        0.001174    0.000000e+00    0.000000e+00    0.000000e+00    5.728828e+00
      40        0.001290    0.000000e+00    0.000000e+00    0.000000e+00    5.819963e+00
      71        0.000037    3.450689e+02    4.595051e-09    2.095625e+02    6.435506e+01
      72        0.000063    3.378840e+02    4.499364e-09    2.052033e+02    6.300814e+01
      73        0.000095    3.280502e+02    4.368482e-09    1.992342e+02    6.091998e+01
      74        0.000127    3.147280e+02    4.191187e-09    1.910488e+02    5.806978e+01
      75        0.000158    2.989537e+02    3.981290e-09    1.813960e+02    5.453289e+01
      76        0.000190    2.820255e+02    3.756127e-09    1.709475e+02    5.039916e+01
      77        0.000222    2.683321e+02    3.574257e-09    1.621858e+02    4.579072e+01
      78        0.000222    2.723092e+02    3.628201e-09    1.635841e+02    4.141050e+01
      79        0.000127    0.000000e+00    0.000000e+00    5.272102e+00    3.889660e+01
      81        0.000028    3.767772e+02    5.017855e-09    2.292611e+02    6.958701e+01
      82        0.000047    3.695647e+02    4.921863e-09    2.248303e+02    6.814676e+01
      83        0.000071    3.599795e+02    4.794279e-09    2.188684e+02    6.593662e+01
      84        0.000095    3.456552e+02    4.603629e-09    2.101825e+02    6.290730e+01
      85        0.000118    3.283602e+02    4.373464e-09    1.995664e+02    5.914979e+01
      86        0.000142    3.107775e+02    4.139562e-09    1.886549e+02    5.479691e+01
      87        0.000166    2.978609e+02    3.968063e-09    1.802998e+02    4.998942e+01
      88        0.000166    3.049275e+02    4.063243e-09    1.833831e+02    4.550708e+01
      89        0.000095    0.000000e+00    0.000000e+00    5.844906e+00    4.294308e+01
     101        0.000048    6.220260e+02    8.284050e-09    3.767470e+02    1.100681e+02
     102        0.000083    6.097577e+02    8.120700e-09    3.693406e+02    1.078348e+02
     103        0.000124    5.929961e+02    7.897560e-09    3.590598e+02    1.043850e+02
     104        0.000166    5.697286e+02    7.587848e-09    3.448245e+02    9.968326e+01
     105        0.000207    5.435715e+02    7.239779e-09    3.287331e+02    9.388723e+01
     106        0.000249    5.160193e+02    6.873299e-09    3.117525e+02    8.717642e+01
     107        0.000290    4.966130e+02    6.615752e-09    2.991999e+02    7.978174e+01
     108        0.000290    5.147529e+02    6.859328e-09    3.081848e+02    7.273117e+01
     124        0.000161    0.000000e+00    0.000000e+00    2.314743e+00    2.005850e+01
     125        0.000129    0.000000e+00    0.000000e+00    1.550472e+00    1.513273e+01
     126        0.000142    0.000000e+00    0.000000e+00    1.119571e+00    1.184696e+01
     127        0.000155    0.000000e+00    0.000000e+00    8.078368e-01    8.906585e+00
     128        0.000204    0.000000e+00    0.000000e+00    5.449039e-01    5.790959e+00
     129        0.000233    0.000000e+00    0.000000e+00    0.000000e+00    4.321963e+00
     130        0.000401    0.000000e+00    0.000000e+00    0.000000e+00    3.305860e+00
     133        0.000038    0.000000e+00    0.000000e+00    2.147433e+00    1.601190e+01
     134        0.000031    0.000000e+00    0.000000e+00    1.395508e+00    1.160467e+01
     135        0.000034    0.000000e+00    0.000000e+00    9.932969e-01    8.941080e+00
     136        0.000037    0.000000e+00    0.000000e+00    7.067304e-01    6.653114e+00
     137        0.000048    0.000000e+00    0.000000e+00    4.778902e-01    4.359081e+00
     138        0.000055    0.000000e+00    0.000000e+00    0.000000e+00    3.810420e+00
     139        0.000095    0.000000e+00    0.000000e+00    0.000000e+00    3.188151e+00
     201        0.000048    8.637837e+02    1.150367e-08    5.238348e+02    1.528737e+02
     202        0.000083    8.477913e+02    1.129080e-08    5.140350e+02    1.498202e+02
     203        0.000124    8.244924e+02    1.098061e-08    4.998891e+02    1.450925e+02
     204        0.000166    7.929225e+02    1.056039e-08    4.804600e+02    1.386743e+02
     205        0.000207    7.575313e+02    1.008945e-08    4.586596e+02    1.307571e+02
     206        0.000249    7.211032e+02    9.605015e-09    4.361338e+02    1.216295e+02
     207        0.000290    7.002599e+02    9.328785e-09    4.221670e+02    1.116641e+02
     208        0.000290    7.372344e+02    9.824212e-09    4.414395e+02    1.022053e+02
     210        0.000352    0.000000e+00    0.000000e+00    3.727801e+01    2.104428e+01
     251        0.000428    0.000000e+00    0.000000e+00    4.351325e+01    3.395761e+01
     301        0.000048    1.035748e+03    1.379386e-08    6.287762e+02    1.834837e+02
     302        0.000083    1.017502e+03    1.355092e-08    6.175320e+02    1.798438e+02
     303        0.000124    9.895567e+02    1.317894e-08    6.005379e+02    1.742211e+02
     304        0.000166    9.537170e+02    1.270193e-08    5.783883e+02    1.665814e+02
     305        0.000207    9.106653e+02    1.212905e-08    5.519045e+02    1.571670e+02
     306        0.000249    8.681735e+02    1.156397e-08    5.254965e+02    1.463291e+02
     307        0.000290    8.462717e+02    1.127398e-08    5.105199e+02    1.345153e+02
     308        0.000290    8.968238e+02    1.195095e-08    5.372818e+02    1.233300e+02
     340        0.000101    0.000000e+00    0.000000e+00    4.154605e+01    3.024490e+01
     401        0.000048    1.125288e+03    1.498630e-08    6.835742e+02    1.994448e+02
     402        0.000083    1.105383e+03    1.472133e-08    6.713779e+02    1.955328e+02
     403        0.000124    1.076277e+03    1.433388e-08    6.533960e+02    1.894437e+02
     404        0.000166    1.036354e+03    1.380249e-08    6.288540e+02    1.811598e+02
     405        0.000207    9.904210e+02    1.319129e-08    6.005201e+02    1.709590e+02
     406        0.000249    9.449469e+02    1.258661e-08    5.721745e+02    1.592149e+02
     407        0.000290    9.221248e+02    1.228450e-08    5.565088e+02    1.464340e+02
     408        0.000290    9.802433e+02    1.306261e-08    5.873285e+02    1.343516e+02
     410        0.000387    0.000000e+00    0.000000e+00    1.787250e+01    2.228010e+01
     501        0.000048    1.126156e+03    1.499792e-08    6.840120e+02    1.995299e+02
     502        0.000083    1.106994e+03    1.474278e-08    6.721582e+02    1.955993e+02
     503        0.000124    1.076757e+03    1.434028e-08    6.536159e+02    1.894928e+02
     504        0.000166    1.037522e+03    1.381809e-08    6.294967e+02    1.812082e+02
     505        0.000207    9.907130e+02    1.319517e-08    6.007070e+02    1.709937e+02
     506        0.000249    9.448860e+02    1.258576e-08    5.721399e+02    1.592344e+02
     507        0.000290    9.218344e+02    1.228062e-08    5.562670e+02    1.464455e+02
     508        0.000290    9.796545e+02    1.305476e-08    5.869757e+02    1.343584e+02
     601        0.000048    1.037180e+03    1.381295e-08    6.296391e+02    1.836214e+02
     602        0.000083    1.017508e+03    1.355099e-08    6.175956e+02    1.799668e+02
     603        0.000124    9.895787e+02    1.317922e-08    6.005201e+02    1.743374e+02
     604        0.000166    9.536713e+02    1.270131e-08    5.784324e+02    1.666919e+02
     605        0.000207    9.109056e+02    1.213224e-08    5.520823e+02    1.572550e+02
     606        0.000249    8.685753e+02    1.156934e-08    5.257707e+02    1.463904e+02
     607        0.000290    8.458368e+02    1.126817e-08    5.103324e+02    1.345553e+02
     608        0.000290    8.973716e+02    1.195825e-08    5.375202e+02    1.233660e+02
     701        0.000048    8.636723e+02    1.150218e-08    5.239252e+02    1.530635e+02
     702        0.000083    8.486585e+02    1.130224e-08    5.145822e+02    1.499994e+02
     703        0.000124    8.255187e+02    1.099424e-08    5.003390e+02    1.452638e+02
     704        0.000166    7.939817e+02    1.057446e-08    4.811283e+02    1.388130e+02
     705        0.000207    7.579458e+02    1.009496e-08    4.589454e+02    1.308601e+02
     706        0.000249    7.213622e+02    9.608447e-09    4.362448e+02    1.216996e+02
     707        0.000290    6.994382e+02    9.317807e-09    4.216800e+02    1.116962e+02
     708        0.000290    7.363850e+02    9.812871e-09    4.409622e+02    1.022078e+02
     801        0.000048    6.186356e+02    8.238701e-09    3.748050e+02    1.102567e+02
     802        0.000083    6.089447e+02    8.109724e-09    3.689232e+02    1.080244e+02
     803        0.000124    5.911641e+02    7.872997e-09    3.579647e+02    1.045442e+02
     804        0.000166    5.683756e+02    7.569683e-09    3.440017e+02    9.981314e+01
     805        0.000207    5.413672e+02    7.210266e-09    3.274326e+02    9.396066e+01
     806        0.000249    5.136561e+02    6.841703e-09    3.103277e+02    8.717497e+01
     807        0.000290    4.938099e+02    6.578290e-09    2.975756e+02    7.970824e+01
     808        0.000290    5.114119e+02    6.814693e-09    3.061722e+02    7.259140e+01
    1000        0.000209    0.000000e+00    0.000000e+00    4.879980e+01    9.928465e+01
    1100        0.000294    0.000000e+00    0.000000e+00    1.793408e+02    9.850968e+01
    1200        0.005069    0.000000e+00    0.000000e+00    7.630853e+00    8.905383e+01
    1300        0.004085    0.000000e+00    0.000000e+00    5.130761e+00    7.526882e+01
    1400        0.004491    0.000000e+00    0.000000e+00    3.811537e+00    6.357756e+01
    1401        0.000020    0.000000e+00    0.000000e+00    1.698578e+01    3.855319e+01
    1402        0.000015    0.000000e+00    0.000000e+00    1.901332e+01    4.257252e+01
    1500        0.004896    0.000000e+00    0.000000e+00    2.873446e+00    5.227444e+01
    1501        0.000028    0.000000e+00    0.000000e+00    5.904593e+01    3.738326e+01
    1502        0.000021    0.000000e+00    0.000000e+00    6.673490e+01    4.134215e+01
    1600        0.006456    0.000000e+00    0.000000e+00    2.098852e+00    4.035558e+01
    1601        0.000484    0.000000e+00    0.000000e+00    3.185534e+00    3.170012e+01
    1602        0.000361    0.000000e+00    0.000000e+00    3.356734e+00    3.536363e+01
    1700        0.007346    0.000000e+00    0.000000e+00    1.434267e+00    2.805730e+01
    1701        0.000390    0.000000e+00    0.000000e+00    2.123121e+00    2.508795e+01
    1702        0.000291    0.000000e+00    0.000000e+00    2.253343e+00    2.818102e+01
    1800        0.012663    0.000000e+00    0.000000e+00    7.677906e-01    1.367959e+01
    1801        0.000428    0.000000e+00    0.000000e+00    1.544743e+00    2.013630e+01
    1802        0.000320    0.000000e+00    0.000000e+00    1.648093e+00    2.268298e+01
    1901        0.000467    0.000000e+00    0.000000e+00    1.126066e+00    1.548802e+01
    1902        0.000349    0.000000e+00    0.000000e+00    1.206460e+00    1.748420e+01
    2001        0.000616    0.000000e+00    0.000000e+00    7.645817e-01    1.020007e+01
    2002        0.000460    0.000000e+00    0.000000e+00    8.204509e-01    1.151095e+01
    2101        0.000701    0.000000e+00    0.000000e+00    0.000000e+00    6.193632e+00
    2102        0.000523    0.000000e+00    0.000000e+00    0.000000e+00    6.755577e+00
    2201        0.001208    0.000000e+00    0.000000e+00    0.000000e+00    3.729539e+00
    2202        0.000902    0.000000e+00    0.000000e+00    0.000000e+00    3.866173e+00

 Block max:
  Blk ID Fission neutron           Power      Absorption     Scalar flux
       9    0.000000e+00    0.000000e+00    1.918139e+01    1.288741e+02
      20    0.000000e+00    0.000000e+00    0.000000e+00    1.498578e+01
      40    0.000000e+00    0.000000e+00    0.000000e+00    1.597208e+01
      71    3.474639e+02    4.626933e-09    2.110199e+02    6.484483e+01
      72    3.426432e+02    4.562711e-09    2.081026e+02    6.399608e+01
      73    3.349281e+02    4.460030e-09    2.034405e+02    6.238225e+01
      74    3.245695e+02    4.322164e-09    1.970660e+02    6.021892e+01
      75    3.108757e+02    4.139920e-09    1.886960e+02    5.723000e+01
      76    2.957979e+02    3.939306e-09    1.794395e+02    5.378319e+01
      77    2.791837e+02    3.720050e-09    1.692295e+02    4.963717e+01
      78    2.938031e+02    3.915293e-09    1.750168e+02    4.523378e+01
      79    0.000000e+00    0.000000e+00    5.404743e+00    4.033167e+01
      81    3.794208e+02    5.053053e-09    2.308775e+02    7.011297e+01
      82    3.745968e+02    4.988849e-09    2.279177e+02    6.919967e+01
      83    3.669586e+02    4.887173e-09    2.231710e+02    6.748708e+01
      84    3.563808e+02    4.746398e-09    2.167428e+02    6.519336e+01
      85    3.410827e+02    4.542763e-09    2.073651e+02    6.201042e+01
      86    3.249294e+02    4.327798e-09    1.974299e+02    5.836159e+01
      87    3.138314e+02    4.182148e-09    1.872677e+02    5.400717e+01
      88    3.302816e+02    4.401852e-09    1.969604e+02    4.944641e+01
      89    0.000000e+00    0.000000e+00    5.977760e+00    4.447882e+01
     101    6.261125e+02    8.338458e-09    3.792460e+02    1.108828e+02
     102    6.177692e+02    8.227352e-09    3.742455e+02    1.094706e+02
     103    6.049182e+02    8.056272e-09    3.663352e+02    1.068009e+02
     104    5.868724e+02    7.816046e-09    3.552766e+02    1.032244e+02
     105    5.638336e+02    7.509406e-09    3.411080e+02    9.830012e+01
     106    5.381544e+02    7.167686e-09    3.254116e+02    9.265162e+01
     107    5.345751e+02    7.123960e-09    3.170266e+02    8.588312e+01
     108    5.640759e+02    7.518741e-09    3.334952e+02    7.869889e+01
     124    0.000000e+00    0.000000e+00    3.014687e+00    2.462043e+01
     125    0.000000e+00    0.000000e+00    2.011190e+00    1.831426e+01
     126    0.000000e+00    0.000000e+00    1.380155e+00    1.394299e+01
     127    0.000000e+00    0.000000e+00    1.003399e+00    1.072499e+01
     128    0.000000e+00    0.000000e+00    7.064229e-01    7.458910e+00
     129    0.000000e+00    0.000000e+00    0.000000e+00    5.255628e+00
     130    0.000000e+00    0.000000e+00    0.000000e+00    4.673178e+00
     133    0.000000e+00    0.000000e+00    2.905942e+00    2.084704e+01
     134    0.000000e+00    0.000000e+00    1.837609e+00    1.430146e+01
     135    0.000000e+00    0.000000e+00    1.235431e+00    1.062533e+01
     136    0.000000e+00    0.000000e+00    8.832994e-01    8.067551e+00
     137    0.000000e+00    0.000000e+00    6.206372e-01    5.601043e+00
     138    0.000000e+00    0.000000e+00    0.000000e+00    4.597736e+00
     139    0.000000e+00    0.000000e+00    0.000000e+00    4.388995e+00
     201    8.695075e+02    1.157987e-08    5.273169e+02    1.539866e+02
     202    8.591450e+02    1.144195e-08    5.209505e+02    1.520611e+02
     203    8.407016e+02    1.119639e-08    5.098069e+02    1.483995e+02
     204    8.158057e+02    1.086497e-08    4.944562e+02    1.435111e+02
     205    7.847274e+02    1.045132e-08    4.753085e+02    1.367815e+02
     206    7.498543e+02    9.987323e-09    4.539543e+02    1.290616e+02
     207    7.716839e+02    1.028396e-08    4.574633e+02    1.198525e+02
     208    8.204259e+02    1.093598e-08    4.849130e+02    1.101677e+02
     210    0.000000e+00    0.000000e+00    4.445307e+01    2.781545e+01
     251    0.000000e+00    0.000000e+00    5.190686e+01    4.437025e+01
     301    1.042586e+03    1.388490e-08    6.329425e+02    1.848097e+02
     302    1.030898e+03    1.372925e-08    6.257129e+02    1.825132e+02
     303    1.008820e+03    1.343538e-08    6.123295e+02    1.781555e+02
     304    9.811799e+02    1.306747e-08    5.951750e+02    1.723391e+02
     305    9.423609e+02    1.255077e-08    5.713523e+02    1.643292e+02
     306    9.013570e+02    1.200518e-08    5.461500e+02    1.551559e+02
     307    9.414068e+02    1.254590e-08    5.582274e+02    1.442189e+02
     308    1.004589e+03    1.339094e-08    5.939917e+02    1.327395e+02
     340    0.000000e+00    0.000000e+00    5.052009e+01    3.980617e+01
     401    1.132134e+03    1.507744e-08    6.877862e+02    2.008690e+02
     402    1.119008e+03    1.490269e-08    6.797582e+02    1.984090e+02
     403    1.097221e+03    1.461267e-08    6.662033e+02    1.937088e+02
     404    1.065996e+03    1.419703e-08    6.469908e+02    1.874013e+02
     405    1.024631e+03    1.364646e-08    6.215313e+02    1.787203e+02
     406    9.809457e+02    1.306525e-08    5.945800e+02    1.687772e+02
     407    1.029830e+03    1.372433e-08    6.107906e+02    1.569363e+02
     408    1.100809e+03    1.467356e-08    6.509368e+02    1.445160e+02
     410    0.000000e+00    0.000000e+00    2.086671e+01    2.947278e+01
     501    1.133324e+03    1.509335e-08    6.884058e+02    2.009614e+02
     502    1.121113e+03    1.493073e-08    6.808188e+02    1.984877e+02
     503    1.097662e+03    1.461856e-08    6.664024e+02    1.937652e+02
     504    1.066967e+03    1.421000e-08    6.475240e+02    1.874515e+02
     505    1.025047e+03    1.365199e-08    6.217901e+02    1.787652e+02
     506    9.809470e+02    1.306523e-08    5.945780e+02    1.688054e+02
     507    1.029431e+03    1.371899e-08    6.104802e+02    1.569534e+02
     508    1.099963e+03    1.466227e-08    6.504364e+02    1.445245e+02
     601    1.044071e+03    1.390469e-08    6.338404e+02    1.849552e+02
     602    1.030866e+03    1.372883e-08    6.257599e+02    1.826438e+02
     603    1.008709e+03    1.343388e-08    6.122341e+02    1.782756e+02
     604    9.807799e+02    1.306212e-08    5.950374e+02    1.724568e+02
     605    9.428786e+02    1.255766e-08    5.716905e+02    1.644351e+02
     606    9.021148e+02    1.201528e-08    5.466252e+02    1.552359e+02
     607    9.408879e+02    1.253897e-08    5.579818e+02    1.442734e+02
     608    1.004924e+03    1.339540e-08    5.940950e+02    1.327822e+02
     701    8.695168e+02    1.157999e-08    5.274828e+02    1.541825e+02
     702    8.599564e+02    1.145264e-08    5.214725e+02    1.522456e+02
     703    8.417025e+02    1.120968e-08    5.102297e+02    1.485804e+02
     704    8.172872e+02    1.088467e-08    4.953621e+02    1.436735e+02
     705    7.851606e+02    1.045708e-08    4.756081e+02    1.369091e+02
     706    7.502303e+02    9.992314e-09    4.541490e+02    1.291586e+02
     707    7.702849e+02    1.026529e-08    4.566436e+02    1.199110e+02
     708    8.193963e+02    1.092223e-08    4.843046e+02    1.101920e+02
     801    6.225207e+02    8.290425e-09    3.771997e+02    1.110704e+02
     802    6.167456e+02    8.213562e-09    3.737186e+02    1.096661e+02
     803    6.032377e+02    8.033716e-09    3.653190e+02    1.069805e+02
     804    5.854721e+02    7.797246e-09    3.544345e+02    1.033799e+02
     805    5.617274e+02    7.481195e-09    3.398760e+02    9.841743e+01
     806    5.363157e+02    7.143077e-09    3.242876e+02    9.270503e+01
     807    5.315115e+02    7.083035e-09    3.152294e+02    8.585813e+01
     808    5.608501e+02    7.475641e-09    3.315522e+02    7.859500e+01
    1000    0.000000e+00    0.000000e+00    6.175936e+01    1.238575e+02
    1100    0.000000e+00    0.000000e+00    2.300257e+02    1.235769e+02
    1200    0.000000e+00    0.000000e+00    1.234128e+01    1.218496e+02
    1300    0.000000e+00    0.000000e+00    8.018469e+00    1.063887e+02
    1400    0.000000e+00    0.000000e+00    5.678195e+00    9.012863e+01
    1401    0.000000e+00    0.000000e+00    1.705661e+01    3.892046e+01
    1402    0.000000e+00    0.000000e+00    1.907844e+01    4.297029e+01
    1500    0.000000e+00    0.000000e+00    4.314970e+00    7.618421e+01
    1501    0.000000e+00    0.000000e+00    6.000621e+01    3.807530e+01
    1502    0.000000e+00    0.000000e+00    6.783250e+01    4.206722e+01
    1600    0.000000e+00    0.000000e+00    3.247013e+00    6.183860e+01
    1601    0.000000e+00    0.000000e+00    4.174465e+00    3.692527e+01
    1602    0.000000e+00    0.000000e+00    4.378785e+00    4.089058e+01
    1700    0.000000e+00    0.000000e+00    2.307514e+00    4.576777e+01
    1701    0.000000e+00    0.000000e+00    2.731393e+00    2.955258e+01
    1702    0.000000e+00    0.000000e+00    2.884546e+00    3.308957e+01
    1800    0.000000e+00    0.000000e+00    1.559225e+00    3.036289e+01
    1801    0.000000e+00    0.000000e+00    1.889062e+00    2.334796e+01
    1802    0.000000e+00    0.000000e+00    2.008296e+00    2.625944e+01
    1901    0.000000e+00    0.000000e+00    1.386126e+00    1.840585e+01
    1902    0.000000e+00    0.000000e+00    1.480096e+00    2.075025e+01
    2001    0.000000e+00    0.000000e+00    9.850995e-01    1.306346e+01
    2002    0.000000e+00    0.000000e+00    1.054651e+00    1.474218e+01
    2101    0.000000e+00    0.000000e+00    0.000000e+00    7.864457e+00
    2102    0.000000e+00    0.000000e+00    0.000000e+00    8.645088e+00
    2201    0.000000e+00    0.000000e+00    0.000000e+00    5.733992e+00
    2202    0.000000e+00    0.000000e+00    0.000000e+00    6.063465e+00

