
DETxymesh = [
    1    1    1    1     1     1     1    1    1    1  2.67459E+13 0.00230 
    2    1    1    1     1     1     1    1    1    2  2.55238E+13 0.00265 
    3    1    1    1     1     1     1    1    1    3  2.49698E+13 0.00676 
    4    1    1    1     1     1     1    1    1    4  2.48776E+13 0.00727 
    5    1    1    1     1     1     1    1    1    5  2.48043E+13 0.00762 
    6    1    1    1     1     1     1    1    1    6  2.43819E+13 0.00347 
    7    1    1    1     1     1     1    1    1    7  2.28391E+13 0.00186 
    8    1    1    1     1     1     1    1    1    8  2.20524E+13 0.00192 
    9    1    1    1     1     1     1    1    1    9  2.15659E+13 0.00189 
   10    1    1    1     1     1     1    1    1   10  2.14064E+13 0.00190 
   11    1    1    1     1     1     1    1    1   11  2.09693E+13 0.00450 
   12    1    1    1     1     1     1    1    1   12  2.14149E+13 0.00492 
   13    1    1    1     1     1     1    1    1   13  2.15780E+13 0.00287 
   14    1    1    1     1     1     1    1    1   14  2.18218E+13 0.00320 
   15    1    1    1     1     1     1    1    1   15  2.18539E+13 0.00535 
   16    1    1    1     1     1     1    1    1   16  2.20346E+13 0.00346 
   17    1    1    1     1     1     1    1    1   17  2.27004E+13 0.00185 
   18    1    1    1     1     1     1    1    1   18  2.30814E+13 0.00183 
   19    1    1    1     1     1     1    1    1   19  2.33355E+13 0.00182 
   20    1    1    1     1     1     1    1    1   20  2.34719E+13 0.00179 
   21    1    1    1     1     1     1    1    1   21  2.32199E+13 0.00416 
   22    1    1    1     1     1     1    1    1   22  2.34007E+13 0.00466 
   23    1    1    1     1     1     1    1    1   23  2.38703E+13 0.00272 
   24    1    1    1     1     1     1    1    1   24  2.41890E+13 0.00295 
   25    1    1    1     1     1     1    1    1   25  2.42698E+13 0.00503 
   26    1    1    1     1     1     1    1    1   26  2.43905E+13 0.00346 
   27    1    1    1     1     1     1    1    1   27  2.49829E+13 0.00172 
   28    1    1    1     1     1     1    1    1   28  2.53344E+13 0.00175 
   29    1    1    1     1     1     1    1    1   29  2.54508E+13 0.00170 
   30    1    1    1     1     1     1    1    1   30  2.55562E+13 0.00172 
   31    1    1    1     1     1     1    1    1   31  2.51739E+13 0.00385 
   32    1    1    1     1     1     1    1    1   32  2.53515E+13 0.00461 
   33    1    1    1     1     1     1    1    1   33  2.55736E+13 0.00257 
   34    1    1    1     1     1     1    1    1   34  2.56838E+13 0.00260 
   35    1    1    1     1     1     1    1    1   35  2.55879E+13 0.00471 
   36    1    1    1     1     1     1    1    1   36  2.56118E+13 0.00338 
   37    1    1    1     1     1     1    1    1   37  2.62801E+13 0.00174 
   38    1    1    1     1     1     1    1    1   38  2.65013E+13 0.00153 
   39    1    1    1     1     1     1    1    1   39  2.65360E+13 0.00159 
   40    1    1    1     1     1     1    1    1   40  2.64814E+13 0.00166 
   41    1    1    1     1     1     1    1    1   41  2.60230E+13 0.00376 
   42    1    1    1     1     1     1    1    1   42  2.61092E+13 0.00459 
   43    1    1    1     1     1     1    1    1   43  2.61184E+13 0.00261 
   44    1    1    1     1     1     1    1    1   44  2.62364E+13 0.00276 
   45    1    1    1     1     1     1    1    1   45  2.59736E+13 0.00453 
   46    1    1    1     1     1     1    1    1   46  2.58241E+13 0.00360 
   47    1    1    1     1     1     1    1    1   47  2.62469E+13 0.00171 
   48    1    1    1     1     1     1    1    1   48  2.62901E+13 0.00165 
   49    1    1    1     1     1     1    1    1   49  2.62940E+13 0.00167 
   50    1    1    1     1     1     1    1    1   50  2.59612E+13 0.00170 
   51    2    1    1     1     1     1    1    1    1  2.58120E+14 0.00099 
   52    2    1    1     1     1     1    1    1    2  2.64937E+14 0.00102 
   53    2    1    1     1     1     1    1    1    3  2.68259E+14 0.00194 
   54    2    1    1     1     1     1    1    1    4  2.69758E+14 0.00234 
   55    2    1    1     1     1     1    1    1    5  2.70929E+14 0.00223 
   56    2    1    1     1     1     1    1    1    6  2.81124E+14 0.00112 
   57    2    1    1     1     1     1    1    1    7  2.93505E+14 0.00074 
   58    2    1    1     1     1     1    1    1    8  3.03328E+14 0.00077 
   59    2    1    1     1     1     1    1    1    9  3.12148E+14 0.00077 
   60    2    1    1     1     1     1    1    1   10  3.20009E+14 0.00072 
   61    2    1    1     1     1     1    1    1   11  3.26634E+14 0.00126 
   62    2    1    1     1     1     1    1    1   12  3.32705E+14 0.00129 
   63    2    1    1     1     1     1    1    1   13  3.40456E+14 0.00089 
   64    2    1    1     1     1     1    1    1   14  3.48426E+14 0.00093 
   65    2    1    1     1     1     1    1    1   15  3.53358E+14 0.00140 
   66    2    1    1     1     1     1    1    1   16  3.58959E+14 0.00093 
   67    2    1    1     1     1     1    1    1   17  3.67456E+14 0.00066 
   68    2    1    1     1     1     1    1    1   18  3.74027E+14 0.00067 
   69    2    1    1     1     1     1    1    1   19  3.79828E+14 0.00069 
   70    2    1    1     1     1     1    1    1   20  3.85540E+14 0.00069 
   71    2    1    1     1     1     1    1    1   21  3.89808E+14 0.00117 
   72    2    1    1     1     1     1    1    1   22  3.94012E+14 0.00121 
   73    2    1    1     1     1     1    1    1   23  4.00071E+14 0.00086 
   74    2    1    1     1     1     1    1    1   24  4.04877E+14 0.00087 
   75    2    1    1     1     1     1    1    1   25  4.08090E+14 0.00131 
   76    2    1    1     1     1     1    1    1   26  4.12519E+14 0.00090 
   77    2    1    1     1     1     1    1    1   27  4.18411E+14 0.00064 
   78    2    1    1     1     1     1    1    1   28  4.22871E+14 0.00066 
   79    2    1    1     1     1     1    1    1   29  4.26692E+14 0.00063 
   80    2    1    1     1     1     1    1    1   30  4.30114E+14 0.00065 
   81    2    1    1     1     1     1    1    1   31  4.31907E+14 0.00103 
   82    2    1    1     1     1     1    1    1   32  4.33980E+14 0.00114 
   83    2    1    1     1     1     1    1    1   33  4.36793E+14 0.00080 
   84    2    1    1     1     1     1    1    1   34  4.39895E+14 0.00084 
   85    2    1    1     1     1     1    1    1   35  4.41853E+14 0.00121 
   86    2    1    1     1     1     1    1    1   36  4.43415E+14 0.00092 
   87    2    1    1     1     1     1    1    1   37  4.46239E+14 0.00062 
   88    2    1    1     1     1     1    1    1   38  4.48279E+14 0.00063 
   89    2    1    1     1     1     1    1    1   39  4.49313E+14 0.00065 
   90    2    1    1     1     1     1    1    1   40  4.49928E+14 0.00060 
   91    2    1    1     1     1     1    1    1   41  4.48245E+14 0.00095 
   92    2    1    1     1     1     1    1    1   42  4.47638E+14 0.00114 
   93    2    1    1     1     1     1    1    1   43  4.49214E+14 0.00078 
   94    2    1    1     1     1     1    1    1   44  4.49053E+14 0.00076 
   95    2    1    1     1     1     1    1    1   45  4.47228E+14 0.00119 
   96    2    1    1     1     1     1    1    1   46  4.47651E+14 0.00101 
   97    2    1    1     1     1     1    1    1   47  4.47506E+14 0.00061 
   98    2    1    1     1     1     1    1    1   48  4.46559E+14 0.00060 
   99    2    1    1     1     1     1    1    1   49  4.44800E+14 0.00064 
  100    2    1    1     1     1     1    1    1   50  4.42216E+14 0.00062 
];


DETxymeshE = [
 0.00000E+00  6.25000E-07  3.12500E-07
 6.25000E-07  1.00000E+37  5.00000E+36
];

