
DETxymesh = [
    1    1    1    1     1     1     1    1    1    1  2.84881E+14 0.00094 
    2    1    1    1     1     1     1    1    1    2  2.90399E+14 0.00099 
    3    1    1    1     1     1     1    1    1    3  2.93055E+14 0.00197 
    4    1    1    1     1     1     1    1    1    4  2.94008E+14 0.00216 
    5    1    1    1     1     1     1    1    1    5  2.97876E+14 0.00211 
    6    1    1    1     1     1     1    1    1    6  3.06108E+14 0.00101 
    7    1    1    1     1     1     1    1    1    7  3.16458E+14 0.00072 
    8    1    1    1     1     1     1    1    1    8  3.25199E+14 0.00075 
    9    1    1    1     1     1     1    1    1    9  3.34264E+14 0.00074 
   10    1    1    1     1     1     1    1    1   10  3.41200E+14 0.00070 
   11    1    1    1     1     1     1    1    1   11  3.47053E+14 0.00120 
   12    1    1    1     1     1     1    1    1   12  3.53248E+14 0.00128 
   13    1    1    1     1     1     1    1    1   13  3.62022E+14 0.00082 
   14    1    1    1     1     1     1    1    1   14  3.69554E+14 0.00093 
   15    1    1    1     1     1     1    1    1   15  3.75590E+14 0.00136 
   16    1    1    1     1     1     1    1    1   16  3.81176E+14 0.00097 
   17    1    1    1     1     1     1    1    1   17  3.89351E+14 0.00063 
   18    1    1    1     1     1     1    1    1   18  3.97222E+14 0.00067 
   19    1    1    1     1     1     1    1    1   19  4.03850E+14 0.00065 
   20    1    1    1     1     1     1    1    1   20  4.08794E+14 0.00066 
   21    1    1    1     1     1     1    1    1   21  4.12841E+14 0.00110 
   22    1    1    1     1     1     1    1    1   22  4.15949E+14 0.00121 
   23    1    1    1     1     1     1    1    1   23  4.23674E+14 0.00081 
   24    1    1    1     1     1     1    1    1   24  4.30318E+14 0.00084 
   25    1    1    1     1     1     1    1    1   25  4.32502E+14 0.00125 
   26    1    1    1     1     1     1    1    1   26  4.37039E+14 0.00092 
   27    1    1    1     1     1     1    1    1   27  4.43123E+14 0.00062 
   28    1    1    1     1     1     1    1    1   28  4.48066E+14 0.00061 
   29    1    1    1     1     1     1    1    1   29  4.52427E+14 0.00063 
   30    1    1    1     1     1     1    1    1   30  4.55277E+14 0.00060 
   31    1    1    1     1     1     1    1    1   31  4.56403E+14 0.00105 
   32    1    1    1     1     1     1    1    1   32  4.59339E+14 0.00114 
   33    1    1    1     1     1     1    1    1   33  4.62743E+14 0.00076 
   34    1    1    1     1     1     1    1    1   34  4.66168E+14 0.00078 
   35    1    1    1     1     1     1    1    1   35  4.67236E+14 0.00112 
   36    1    1    1     1     1     1    1    1   36  4.68088E+14 0.00089 
   37    1    1    1     1     1     1    1    1   37  4.72279E+14 0.00059 
   38    1    1    1     1     1     1    1    1   38  4.74599E+14 0.00058 
   39    1    1    1     1     1     1    1    1   39  4.75822E+14 0.00062 
   40    1    1    1     1     1     1    1    1   40  4.75321E+14 0.00058 
   41    1    1    1     1     1     1    1    1   41  4.74731E+14 0.00094 
   42    1    1    1     1     1     1    1    1   42  4.73660E+14 0.00113 
   43    1    1    1     1     1     1    1    1   43  4.75553E+14 0.00078 
   44    1    1    1     1     1     1    1    1   44  4.74872E+14 0.00079 
   45    1    1    1     1     1     1    1    1   45  4.72437E+14 0.00114 
   46    1    1    1     1     1     1    1    1   46  4.73854E+14 0.00096 
   47    1    1    1     1     1     1    1    1   47  4.73373E+14 0.00059 
   48    1    1    1     1     1     1    1    1   48  4.72616E+14 0.00060 
   49    1    1    1     1     1     1    1    1   49  4.70544E+14 0.00058 
   50    1    1    1     1     1     1    1    1   50  4.67755E+14 0.00061 
];


DETxymeshX = [
-1.20000E+01 -1.17500E+01 -1.18750E+01
-1.17500E+01 -1.15000E+01 -1.16250E+01
-1.15000E+01 -1.12500E+01 -1.13750E+01
-1.12500E+01 -1.10000E+01 -1.11250E+01
-1.10000E+01 -1.07500E+01 -1.08750E+01
-1.07500E+01 -1.05000E+01 -1.06250E+01
-1.05000E+01 -1.02500E+01 -1.03750E+01
-1.02500E+01 -1.00000E+01 -1.01250E+01
-1.00000E+01 -9.75000E+00 -9.87500E+00
-9.75000E+00 -9.50000E+00 -9.62500E+00
-9.50000E+00 -9.25000E+00 -9.37500E+00
-9.25000E+00 -9.00000E+00 -9.12500E+00
-9.00000E+00 -8.75000E+00 -8.87500E+00
-8.75000E+00 -8.50000E+00 -8.62500E+00
-8.50000E+00 -8.25000E+00 -8.37500E+00
-8.25000E+00 -8.00000E+00 -8.12500E+00
-8.00000E+00 -7.75000E+00 -7.87500E+00
-7.75000E+00 -7.50000E+00 -7.62500E+00
-7.50000E+00 -7.25000E+00 -7.37500E+00
-7.25000E+00 -7.00000E+00 -7.12500E+00
-7.00000E+00 -6.75000E+00 -6.87500E+00
-6.75000E+00 -6.50000E+00 -6.62500E+00
-6.50000E+00 -6.25000E+00 -6.37500E+00
-6.25000E+00 -6.00000E+00 -6.12500E+00
-6.00000E+00 -5.75000E+00 -5.87500E+00
-5.75000E+00 -5.50000E+00 -5.62500E+00
-5.50000E+00 -5.25000E+00 -5.37500E+00
-5.25000E+00 -5.00000E+00 -5.12500E+00
-5.00000E+00 -4.75000E+00 -4.87500E+00
-4.75000E+00 -4.50000E+00 -4.62500E+00
-4.50000E+00 -4.25000E+00 -4.37500E+00
-4.25000E+00 -4.00000E+00 -4.12500E+00
-4.00000E+00 -3.75000E+00 -3.87500E+00
-3.75000E+00 -3.50000E+00 -3.62500E+00
-3.50000E+00 -3.25000E+00 -3.37500E+00
-3.25000E+00 -3.00000E+00 -3.12500E+00
-3.00000E+00 -2.75000E+00 -2.87500E+00
-2.75000E+00 -2.50000E+00 -2.62500E+00
-2.50000E+00 -2.25000E+00 -2.37500E+00
-2.25000E+00 -2.00000E+00 -2.12500E+00
-2.00000E+00 -1.75000E+00 -1.87500E+00
-1.75000E+00 -1.50000E+00 -1.62500E+00
-1.50000E+00 -1.25000E+00 -1.37500E+00
-1.25000E+00 -1.00000E+00 -1.12500E+00
-1.00000E+00 -7.50000E-01 -8.75000E-01
-7.50000E-01 -5.00000E-01 -6.25000E-01
-5.00000E-01 -2.50000E-01 -3.75000E-01
-2.50000E-01  2.49800E-16 -1.25000E-01
 2.49800E-16  2.50000E-01  1.25000E-01
 2.50000E-01  5.00000E-01  3.75000E-01
];

DETxymeshY = [
-3.37820E-01  3.37820E-01  0.00000E+00
];

DETxymeshZ = [
-1.00000E+37  1.00000E+37  0.00000E+00
];
