
ZAI = [
666
0
];

NAMES = [
'lost            '
'total           '
];

iLOST    = 1;
iTOT     = 2;

MAT_fuel_VOLUME = [ 1.07601E+04 1.07601E+04 1.07601E+04 1.07601E+04 1.07601E+04 1.07601E+04 1.07601E+04 1.07601E+04 1.07601E+04 1.07601E+04 1.07601E+04 1.07601E+04 1.07601E+04 1.07601E+04 1.07601E+04 1.07601E+04 1.07601E+04 1.07601E+04 1.07601E+04 1.07601E+04 1.07601E+04 1.07601E+04 1.07601E+04 1.07601E+04 1.07601E+04 1.07601E+04 1.07601E+04 1.07601E+04 1.07601E+04 1.07601E+04 1.07601E+04 1.07601E+04 1.07601E+04 1.07601E+04 1.07601E+04 ];

MAT_fuel_BURNUP = [ 0.00000E+00 3.42993E-02 6.85987E-02 1.37197E-01 2.05796E-01 2.74395E-01 3.42993E-01 6.85987E-01 1.02898E+00 1.37197E+00 1.71497E+00 2.05796E+00 2.40095E+00 2.74395E+00 3.08694E+00 3.42993E+00 3.77293E+00 4.11592E+00 5.14490E+00 6.17388E+00 7.20286E+00 8.23184E+00 9.26082E+00 1.02898E+01 1.13188E+01 1.23478E+01 1.44057E+01 1.64637E+01 1.85216E+01 2.26376E+01 2.67535E+01 3.08694E+01 3.49853E+01 3.91013E+01 4.32172E+01 ];

MAT_fuel_ADENS = [
0.00000E+00 8.47362E-16 1.69473E-15 3.38945E-15 5.08418E-15 6.77891E-15 8.47364E-15 1.69472E-14 2.54206E-14 3.38939E-14 4.23670E-14 5.08400E-14 5.93128E-14 6.77854E-14 7.62579E-14 8.47302E-14 9.32024E-14 1.01674E-13 1.27090E-13 1.52503E-13 1.77915E-13 2.03326E-13 2.28736E-13 2.54143E-13 2.79550E-13 3.04955E-13 3.55760E-13 4.06559E-13 4.57353E-13 5.58922E-13 6.60467E-13 7.61990E-13 8.63490E-13 9.64968E-13 1.06642E-12 % lost data
9.44901E-02 9.44902E-02 9.44902E-02 9.44903E-02 9.44904E-02 9.44905E-02 9.44907E-02 9.44912E-02 9.44917E-02 9.44923E-02 9.44928E-02 9.44934E-02 9.44939E-02 9.44945E-02 9.44950E-02 9.44955E-02 9.44961E-02 9.44966E-02 9.44983E-02 9.44999E-02 9.45015E-02 9.45032E-02 9.45048E-02 9.45064E-02 9.45081E-02 9.45097E-02 9.45130E-02 9.45162E-02 9.45195E-02 9.45260E-02 9.45325E-02 9.45391E-02 9.45456E-02 9.45521E-02 9.45586E-02 % total
];

MAT_fuel_MDENS = [
0.00000E+00 0.00000E+00 0.00000E+00 0.00000E+00 0.00000E+00 0.00000E+00 0.00000E+00 0.00000E+00 0.00000E+00 0.00000E+00 0.00000E+00 0.00000E+00 0.00000E+00 0.00000E+00 0.00000E+00 0.00000E+00 0.00000E+00 0.00000E+00 0.00000E+00 0.00000E+00 0.00000E+00 0.00000E+00 0.00000E+00 0.00000E+00 0.00000E+00 0.00000E+00 0.00000E+00 0.00000E+00 0.00000E+00 0.00000E+00 0.00000E+00 0.00000E+00 0.00000E+00 0.00000E+00 0.00000E+00 % lost data
5.90818E+00 5.90818E+00 5.90818E+00 5.90817E+00 5.90817E+00 5.90817E+00 5.90817E+00 5.90817E+00 5.90817E+00 5.90817E+00 5.90817E+00 5.90817E+00 5.90817E+00 5.90817E+00 5.90817E+00 5.90816E+00 5.90816E+00 5.90816E+00 5.90816E+00 5.90815E+00 5.90815E+00 5.90815E+00 5.90814E+00 5.90814E+00 5.90814E+00 5.90813E+00 5.90813E+00 5.90812E+00 5.90811E+00 5.90810E+00 5.90809E+00 5.90807E+00 5.90806E+00 5.90805E+00 5.90803E+00 % total
];

MAT_fuel_A = [
0.00000E+00 0.00000E+00 0.00000E+00 0.00000E+00 0.00000E+00 0.00000E+00 0.00000E+00 0.00000E+00 0.00000E+00 0.00000E+00 0.00000E+00 0.00000E+00 0.00000E+00 0.00000E+00 0.00000E+00 0.00000E+00 0.00000E+00 0.00000E+00 0.00000E+00 0.00000E+00 0.00000E+00 0.00000E+00 0.00000E+00 0.00000E+00 0.00000E+00 0.00000E+00 0.00000E+00 0.00000E+00 0.00000E+00 0.00000E+00 0.00000E+00 0.00000E+00 0.00000E+00 0.00000E+00 0.00000E+00 % lost data
1.63187E+15 6.17805E+16 6.43231E+16 6.66702E+16 6.79496E+16 6.88174E+16 6.94758E+16 7.14545E+16 7.25629E+16 7.33188E+16 7.38912E+16 7.43516E+16 7.47358E+16 7.50646E+16 7.53508E+16 7.56034E+16 7.58301E+16 7.60348E+16 7.65157E+16 7.69272E+16 7.72669E+16 7.75531E+16 7.77976E+16 7.80083E+16 7.81914E+16 7.83514E+16 7.85611E+16 7.87698E+16 7.89381E+16 7.90805E+16 7.92678E+16 7.94160E+16 7.95389E+16 7.96455E+16 7.97395E+16 % total
];

MAT_fuel_H = [
0.00000E+00 0.00000E+00 0.00000E+00 0.00000E+00 0.00000E+00 0.00000E+00 0.00000E+00 0.00000E+00 0.00000E+00 0.00000E+00 0.00000E+00 0.00000E+00 0.00000E+00 0.00000E+00 0.00000E+00 0.00000E+00 0.00000E+00 0.00000E+00 0.00000E+00 0.00000E+00 0.00000E+00 0.00000E+00 0.00000E+00 0.00000E+00 0.00000E+00 0.00000E+00 0.00000E+00 0.00000E+00 0.00000E+00 0.00000E+00 0.00000E+00 0.00000E+00 0.00000E+00 0.00000E+00 0.00000E+00 % lost data
3.32399E+02 2.50652E+04 2.54761E+04 2.58010E+04 2.59629E+04 2.60681E+04 2.61469E+04 2.63845E+04 2.65252E+04 2.66224E+04 2.66956E+04 2.67535E+04 2.68008E+04 2.68401E+04 2.68735E+04 2.69021E+04 2.69273E+04 2.69495E+04 2.69903E+04 2.70322E+04 2.70666E+04 2.70957E+04 2.71207E+04 2.71425E+04 2.71615E+04 2.71783E+04 2.71855E+04 2.72075E+04 2.72251E+04 2.72093E+04 2.72276E+04 2.72416E+04 2.72526E+04 2.72619E+04 2.72698E+04 % total
];

MAT_fuel_SF = [
0.00000E+00 0.00000E+00 0.00000E+00 0.00000E+00 0.00000E+00 0.00000E+00 0.00000E+00 0.00000E+00 0.00000E+00 0.00000E+00 0.00000E+00 0.00000E+00 0.00000E+00 0.00000E+00 0.00000E+00 0.00000E+00 0.00000E+00 0.00000E+00 0.00000E+00 0.00000E+00 0.00000E+00 0.00000E+00 0.00000E+00 0.00000E+00 0.00000E+00 0.00000E+00 0.00000E+00 0.00000E+00 0.00000E+00 0.00000E+00 0.00000E+00 0.00000E+00 0.00000E+00 0.00000E+00 0.00000E+00 % lost data
3.01138E+00 3.01154E+00 3.01185E+00 3.01292E+00 3.01464E+00 3.01705E+00 3.02017E+00 3.04703E+00 3.09326E+00 3.15912E+00 3.24465E+00 3.34985E+00 3.47469E+00 3.61916E+00 3.78326E+00 3.96704E+00 4.17051E+00 4.39369E+00 5.18219E+00 6.15086E+00 7.30353E+00 8.64574E+00 1.01849E+01 1.19305E+01 1.38940E+01 1.60889E+01 2.12429E+01 2.75554E+01 3.52338E+01 5.57423E+01 8.53757E+01 1.27525E+02 1.86373E+02 2.66857E+02 3.74629E+02 % total
];

MAT_fuel_GSRC = [
0.00000E+00 0.00000E+00 0.00000E+00 0.00000E+00 0.00000E+00 0.00000E+00 0.00000E+00 0.00000E+00 0.00000E+00 0.00000E+00 0.00000E+00 0.00000E+00 0.00000E+00 0.00000E+00 0.00000E+00 0.00000E+00 0.00000E+00 0.00000E+00 0.00000E+00 0.00000E+00 0.00000E+00 0.00000E+00 0.00000E+00 0.00000E+00 0.00000E+00 0.00000E+00 0.00000E+00 0.00000E+00 0.00000E+00 0.00000E+00 0.00000E+00 0.00000E+00 0.00000E+00 0.00000E+00 0.00000E+00 % lost data
1.91657E+15 8.97911E+16 9.17673E+16 9.39687E+16 9.53084E+16 9.62530E+16 9.69751E+16 9.90630E+16 1.00120E+17 1.00773E+17 1.01229E+17 1.01573E+17 1.01847E+17 1.02070E+17 1.02258E+17 1.02418E+17 1.02557E+17 1.02680E+17 1.02928E+17 1.03158E+17 1.03343E+17 1.03499E+17 1.03630E+17 1.03743E+17 1.03841E+17 1.03925E+17 1.03985E+17 1.04089E+17 1.04170E+17 1.04126E+17 1.04199E+17 1.04252E+17 1.04294E+17 1.04330E+17 1.04361E+17 % total
];

MAT_fuel_ING_TOX = [
0.00000E+00 0.00000E+00 0.00000E+00 0.00000E+00 0.00000E+00 0.00000E+00 0.00000E+00 0.00000E+00 0.00000E+00 0.00000E+00 0.00000E+00 0.00000E+00 0.00000E+00 0.00000E+00 0.00000E+00 0.00000E+00 0.00000E+00 0.00000E+00 0.00000E+00 0.00000E+00 0.00000E+00 0.00000E+00 0.00000E+00 0.00000E+00 0.00000E+00 0.00000E+00 0.00000E+00 0.00000E+00 0.00000E+00 0.00000E+00 0.00000E+00 0.00000E+00 0.00000E+00 0.00000E+00 0.00000E+00 % lost data
7.91403E+05 6.90668E+06 9.77728E+06 1.31867E+07 1.53106E+07 1.68623E+07 1.81091E+07 2.23626E+07 2.50497E+07 2.69164E+07 2.82763E+07 2.93024E+07 3.01002E+07 3.07376E+07 3.12600E+07 3.16983E+07 3.20745E+07 3.24035E+07 3.31923E+07 3.38117E+07 3.43243E+07 3.47632E+07 3.51465E+07 3.54855E+07 3.57885E+07 3.60614E+07 3.65192E+07 3.69186E+07 3.72642E+07 3.78029E+07 3.82830E+07 3.87006E+07 3.90747E+07 3.94169E+07 3.97334E+07 % total
];

