
ZAI = [
666
0
];

NAMES = [
'lost            '
'total           '
];

iLOST    = 1;
iTOT     = 2;

MAT_fuel_VOLUME = [ 1.07601E+04 1.07601E+04 1.07601E+04 1.07601E+04 1.07601E+04 1.07601E+04 1.07601E+04 1.07601E+04 1.07601E+04 1.07601E+04 1.07601E+04 1.07601E+04 1.07601E+04 1.07601E+04 1.07601E+04 1.07601E+04 1.07601E+04 1.07601E+04 1.07601E+04 1.07601E+04 1.07601E+04 1.07601E+04 1.07601E+04 1.07601E+04 1.07601E+04 1.07601E+04 1.07601E+04 1.07601E+04 1.07601E+04 1.07601E+04 1.07601E+04 1.07601E+04 1.07601E+04 1.07601E+04 1.07601E+04 ];

MAT_fuel_BURNUP = [ 0.00000E+00 3.42993E-02 6.85987E-02 1.37197E-01 2.05796E-01 2.74395E-01 3.42993E-01 6.85987E-01 1.02898E+00 1.37197E+00 1.71497E+00 2.05796E+00 2.40095E+00 2.74395E+00 3.08694E+00 3.42993E+00 3.77293E+00 4.11592E+00 5.14490E+00 6.17388E+00 7.20286E+00 8.23184E+00 9.26082E+00 1.02898E+01 1.13188E+01 1.23478E+01 1.44057E+01 1.64637E+01 1.85217E+01 2.26376E+01 2.67535E+01 3.08694E+01 3.49853E+01 3.91013E+01 4.32172E+01 ];

MAT_fuel_ADENS = [
0.00000E+00 5.45991E-08 1.09206E-07 2.18444E-07 3.27646E-07 4.36862E-07 5.46077E-07 1.09217E-06 1.63838E-06 2.18456E-06 2.73080E-06 3.27706E-06 3.82329E-06 4.36948E-06 4.91569E-06 5.46184E-06 6.00812E-06 6.55427E-06 8.19399E-06 9.83347E-06 1.14732E-05 1.31126E-05 1.47522E-05 1.63915E-05 1.80310E-05 1.96702E-05 2.29514E-05 2.62319E-05 2.95124E-05 3.60824E-05 4.26511E-05 4.92199E-05 5.57883E-05 6.23570E-05 6.89255E-05 % lost data
9.44901E-02 9.44901E-02 9.44900E-02 9.44899E-02 9.44898E-02 9.44897E-02 9.44896E-02 9.44890E-02 9.44885E-02 9.44879E-02 9.44874E-02 9.44868E-02 9.44863E-02 9.44857E-02 9.44852E-02 9.44846E-02 9.44841E-02 9.44836E-02 9.44819E-02 9.44803E-02 9.44786E-02 9.44770E-02 9.44754E-02 9.44737E-02 9.44721E-02 9.44704E-02 9.44672E-02 9.44639E-02 9.44606E-02 9.44540E-02 9.44475E-02 9.44409E-02 9.44343E-02 9.44278E-02 9.44212E-02 % total
];

MAT_fuel_MDENS = [
0.00000E+00 0.00000E+00 0.00000E+00 0.00000E+00 0.00000E+00 0.00000E+00 0.00000E+00 0.00000E+00 0.00000E+00 0.00000E+00 0.00000E+00 0.00000E+00 0.00000E+00 0.00000E+00 0.00000E+00 0.00000E+00 0.00000E+00 0.00000E+00 0.00000E+00 0.00000E+00 0.00000E+00 0.00000E+00 0.00000E+00 0.00000E+00 0.00000E+00 0.00000E+00 0.00000E+00 0.00000E+00 0.00000E+00 0.00000E+00 0.00000E+00 0.00000E+00 0.00000E+00 0.00000E+00 0.00000E+00 % lost data
5.90817E+00 5.90815E+00 5.90813E+00 5.90809E+00 5.90805E+00 5.90800E+00 5.90796E+00 5.90775E+00 5.90754E+00 5.90732E+00 5.90711E+00 5.90690E+00 5.90669E+00 5.90648E+00 5.90626E+00 5.90605E+00 5.90584E+00 5.90563E+00 5.90499E+00 5.90435E+00 5.90371E+00 5.90308E+00 5.90244E+00 5.90180E+00 5.90116E+00 5.90053E+00 5.89925E+00 5.89797E+00 5.89670E+00 5.89414E+00 5.89159E+00 5.88904E+00 5.88648E+00 5.88393E+00 5.88137E+00 % total
];

MAT_fuel_A = [
0.00000E+00 0.00000E+00 0.00000E+00 0.00000E+00 0.00000E+00 0.00000E+00 0.00000E+00 0.00000E+00 0.00000E+00 0.00000E+00 0.00000E+00 0.00000E+00 0.00000E+00 0.00000E+00 0.00000E+00 0.00000E+00 0.00000E+00 0.00000E+00 0.00000E+00 0.00000E+00 0.00000E+00 0.00000E+00 0.00000E+00 0.00000E+00 0.00000E+00 0.00000E+00 0.00000E+00 0.00000E+00 0.00000E+00 0.00000E+00 0.00000E+00 0.00000E+00 0.00000E+00 0.00000E+00 0.00000E+00 % lost data
0.00000E+00 0.00000E+00 0.00000E+00 0.00000E+00 0.00000E+00 0.00000E+00 0.00000E+00 0.00000E+00 0.00000E+00 0.00000E+00 0.00000E+00 0.00000E+00 0.00000E+00 0.00000E+00 0.00000E+00 0.00000E+00 0.00000E+00 0.00000E+00 0.00000E+00 0.00000E+00 0.00000E+00 0.00000E+00 0.00000E+00 0.00000E+00 0.00000E+00 0.00000E+00 0.00000E+00 0.00000E+00 0.00000E+00 0.00000E+00 0.00000E+00 0.00000E+00 0.00000E+00 0.00000E+00 0.00000E+00 % total
];

MAT_fuel_H = [
0.00000E+00 0.00000E+00 0.00000E+00 0.00000E+00 0.00000E+00 0.00000E+00 0.00000E+00 0.00000E+00 0.00000E+00 0.00000E+00 0.00000E+00 0.00000E+00 0.00000E+00 0.00000E+00 0.00000E+00 0.00000E+00 0.00000E+00 0.00000E+00 0.00000E+00 0.00000E+00 0.00000E+00 0.00000E+00 0.00000E+00 0.00000E+00 0.00000E+00 0.00000E+00 0.00000E+00 0.00000E+00 0.00000E+00 0.00000E+00 0.00000E+00 0.00000E+00 0.00000E+00 0.00000E+00 0.00000E+00 % lost data
0.00000E+00 0.00000E+00 0.00000E+00 0.00000E+00 0.00000E+00 0.00000E+00 0.00000E+00 0.00000E+00 0.00000E+00 0.00000E+00 0.00000E+00 0.00000E+00 0.00000E+00 0.00000E+00 0.00000E+00 0.00000E+00 0.00000E+00 0.00000E+00 0.00000E+00 0.00000E+00 0.00000E+00 0.00000E+00 0.00000E+00 0.00000E+00 0.00000E+00 0.00000E+00 0.00000E+00 0.00000E+00 0.00000E+00 0.00000E+00 0.00000E+00 0.00000E+00 0.00000E+00 0.00000E+00 0.00000E+00 % total
];

MAT_fuel_SF = [
0.00000E+00 0.00000E+00 0.00000E+00 0.00000E+00 0.00000E+00 0.00000E+00 0.00000E+00 0.00000E+00 0.00000E+00 0.00000E+00 0.00000E+00 0.00000E+00 0.00000E+00 0.00000E+00 0.00000E+00 0.00000E+00 0.00000E+00 0.00000E+00 0.00000E+00 0.00000E+00 0.00000E+00 0.00000E+00 0.00000E+00 0.00000E+00 0.00000E+00 0.00000E+00 0.00000E+00 0.00000E+00 0.00000E+00 0.00000E+00 0.00000E+00 0.00000E+00 0.00000E+00 0.00000E+00 0.00000E+00 % lost data
0.00000E+00 0.00000E+00 0.00000E+00 0.00000E+00 0.00000E+00 0.00000E+00 0.00000E+00 0.00000E+00 0.00000E+00 0.00000E+00 0.00000E+00 0.00000E+00 0.00000E+00 0.00000E+00 0.00000E+00 0.00000E+00 0.00000E+00 0.00000E+00 0.00000E+00 0.00000E+00 0.00000E+00 0.00000E+00 0.00000E+00 0.00000E+00 0.00000E+00 0.00000E+00 0.00000E+00 0.00000E+00 0.00000E+00 0.00000E+00 0.00000E+00 0.00000E+00 0.00000E+00 0.00000E+00 0.00000E+00 % total
];

MAT_fuel_GSRC = [
0.00000E+00 0.00000E+00 0.00000E+00 0.00000E+00 0.00000E+00 0.00000E+00 0.00000E+00 0.00000E+00 0.00000E+00 0.00000E+00 0.00000E+00 0.00000E+00 0.00000E+00 0.00000E+00 0.00000E+00 0.00000E+00 0.00000E+00 0.00000E+00 0.00000E+00 0.00000E+00 0.00000E+00 0.00000E+00 0.00000E+00 0.00000E+00 0.00000E+00 0.00000E+00 0.00000E+00 0.00000E+00 0.00000E+00 0.00000E+00 0.00000E+00 0.00000E+00 0.00000E+00 0.00000E+00 0.00000E+00 % lost data
0.00000E+00 0.00000E+00 0.00000E+00 0.00000E+00 0.00000E+00 0.00000E+00 0.00000E+00 0.00000E+00 0.00000E+00 0.00000E+00 0.00000E+00 0.00000E+00 0.00000E+00 0.00000E+00 0.00000E+00 0.00000E+00 0.00000E+00 0.00000E+00 0.00000E+00 0.00000E+00 0.00000E+00 0.00000E+00 0.00000E+00 0.00000E+00 0.00000E+00 0.00000E+00 0.00000E+00 0.00000E+00 0.00000E+00 0.00000E+00 0.00000E+00 0.00000E+00 0.00000E+00 0.00000E+00 0.00000E+00 % total
];

MAT_fuel_ING_TOX = [
0.00000E+00 0.00000E+00 0.00000E+00 0.00000E+00 0.00000E+00 0.00000E+00 0.00000E+00 0.00000E+00 0.00000E+00 0.00000E+00 0.00000E+00 0.00000E+00 0.00000E+00 0.00000E+00 0.00000E+00 0.00000E+00 0.00000E+00 0.00000E+00 0.00000E+00 0.00000E+00 0.00000E+00 0.00000E+00 0.00000E+00 0.00000E+00 0.00000E+00 0.00000E+00 0.00000E+00 0.00000E+00 0.00000E+00 0.00000E+00 0.00000E+00 0.00000E+00 0.00000E+00 0.00000E+00 0.00000E+00 % lost data
0.00000E+00 0.00000E+00 0.00000E+00 0.00000E+00 0.00000E+00 0.00000E+00 0.00000E+00 0.00000E+00 0.00000E+00 0.00000E+00 0.00000E+00 0.00000E+00 0.00000E+00 0.00000E+00 0.00000E+00 0.00000E+00 0.00000E+00 0.00000E+00 0.00000E+00 0.00000E+00 0.00000E+00 0.00000E+00 0.00000E+00 0.00000E+00 0.00000E+00 0.00000E+00 0.00000E+00 0.00000E+00 0.00000E+00 0.00000E+00 0.00000E+00 0.00000E+00 0.00000E+00 0.00000E+00 0.00000E+00 % total
];

