
ZAI = [
666
0
];

NAMES = [
'lost            '
'total           '
];

iLOST    = 1;
iTOT     = 2;

MAT_fuel_VOLUME = [ 1.07601E+04 1.07601E+04 1.07601E+04 1.07601E+04 1.07601E+04 1.07601E+04 1.07601E+04 1.07601E+04 1.07601E+04 1.07601E+04 1.07601E+04 1.07601E+04 1.07601E+04 1.07601E+04 1.07601E+04 1.07601E+04 1.07601E+04 1.07601E+04 1.07601E+04 1.07601E+04 1.07601E+04 1.07601E+04 1.07601E+04 1.07601E+04 1.07601E+04 1.07601E+04 1.07601E+04 1.07601E+04 1.07601E+04 1.07601E+04 1.07601E+04 1.07601E+04 1.07601E+04 1.07601E+04 1.07601E+04 ];

MAT_fuel_BURNUP = [ 0.00000E+00 4.79712E-02 9.59425E-02 1.91885E-01 2.87828E-01 3.83770E-01 4.79712E-01 9.59425E-01 1.43914E+00 1.91885E+00 2.39856E+00 2.87828E+00 3.35799E+00 3.83770E+00 4.31741E+00 4.79713E+00 5.27684E+00 5.75655E+00 7.19569E+00 8.63483E+00 1.00740E+01 1.15131E+01 1.29522E+01 1.43914E+01 1.58305E+01 1.72697E+01 2.01479E+01 2.30262E+01 2.59045E+01 3.16610E+01 3.74176E+01 4.31741E+01 4.89307E+01 5.46872E+01 6.04438E+01 ];

MAT_fuel_ADENS = [
0.00000E+00 7.46294E-08 1.49265E-07 2.98558E-07 4.47833E-07 5.97101E-07 7.46382E-07 1.49327E-06 2.24013E-06 2.98685E-06 3.73358E-06 4.48029E-06 5.22700E-06 5.97374E-06 6.72033E-06 7.46703E-06 8.21372E-06 8.96054E-06 1.12028E-05 1.34449E-05 1.56867E-05 1.79279E-05 2.01693E-05 2.24108E-05 2.46520E-05 2.68931E-05 3.13799E-05 3.58660E-05 4.03517E-05 4.93395E-05 5.83265E-05 6.73129E-05 7.63005E-05 8.52871E-05 9.42748E-05 % lost data
9.38283E-02 9.38282E-02 9.38281E-02 9.38280E-02 9.38278E-02 9.38277E-02 9.38275E-02 9.38268E-02 9.38260E-02 9.38253E-02 9.38245E-02 9.38238E-02 9.38230E-02 9.38223E-02 9.38216E-02 9.38208E-02 9.38201E-02 9.38193E-02 9.38171E-02 9.38148E-02 9.38126E-02 9.38103E-02 9.38081E-02 9.38059E-02 9.38036E-02 9.38014E-02 9.37969E-02 9.37924E-02 9.37879E-02 9.37789E-02 9.37700E-02 9.37610E-02 9.37520E-02 9.37430E-02 9.37340E-02 % total
];

MAT_fuel_MDENS = [
0.00000E+00 0.00000E+00 0.00000E+00 0.00000E+00 0.00000E+00 0.00000E+00 0.00000E+00 0.00000E+00 0.00000E+00 0.00000E+00 0.00000E+00 0.00000E+00 0.00000E+00 0.00000E+00 0.00000E+00 0.00000E+00 0.00000E+00 0.00000E+00 0.00000E+00 0.00000E+00 0.00000E+00 0.00000E+00 0.00000E+00 0.00000E+00 0.00000E+00 0.00000E+00 0.00000E+00 0.00000E+00 0.00000E+00 0.00000E+00 0.00000E+00 0.00000E+00 0.00000E+00 0.00000E+00 0.00000E+00 % lost data
5.90817E+00 5.90815E+00 5.90812E+00 5.90806E+00 5.90800E+00 5.90794E+00 5.90788E+00 5.90759E+00 5.90730E+00 5.90701E+00 5.90672E+00 5.90643E+00 5.90614E+00 5.90585E+00 5.90556E+00 5.90527E+00 5.90498E+00 5.90469E+00 5.90382E+00 5.90295E+00 5.90208E+00 5.90120E+00 5.90033E+00 5.89946E+00 5.89859E+00 5.89772E+00 5.89597E+00 5.89423E+00 5.89249E+00 5.88899E+00 5.88550E+00 5.88200E+00 5.87851E+00 5.87501E+00 5.87152E+00 % total
];

MAT_fuel_A = [
0.00000E+00 0.00000E+00 0.00000E+00 0.00000E+00 0.00000E+00 0.00000E+00 0.00000E+00 0.00000E+00 0.00000E+00 0.00000E+00 0.00000E+00 0.00000E+00 0.00000E+00 0.00000E+00 0.00000E+00 0.00000E+00 0.00000E+00 0.00000E+00 0.00000E+00 0.00000E+00 0.00000E+00 0.00000E+00 0.00000E+00 0.00000E+00 0.00000E+00 0.00000E+00 0.00000E+00 0.00000E+00 0.00000E+00 0.00000E+00 0.00000E+00 0.00000E+00 0.00000E+00 0.00000E+00 0.00000E+00 % lost data
0.00000E+00 0.00000E+00 0.00000E+00 0.00000E+00 0.00000E+00 0.00000E+00 0.00000E+00 0.00000E+00 0.00000E+00 0.00000E+00 0.00000E+00 0.00000E+00 0.00000E+00 0.00000E+00 0.00000E+00 0.00000E+00 0.00000E+00 0.00000E+00 0.00000E+00 0.00000E+00 0.00000E+00 0.00000E+00 0.00000E+00 0.00000E+00 0.00000E+00 0.00000E+00 0.00000E+00 0.00000E+00 0.00000E+00 0.00000E+00 0.00000E+00 0.00000E+00 0.00000E+00 0.00000E+00 0.00000E+00 % total
];

MAT_fuel_H = [
0.00000E+00 0.00000E+00 0.00000E+00 0.00000E+00 0.00000E+00 0.00000E+00 0.00000E+00 0.00000E+00 0.00000E+00 0.00000E+00 0.00000E+00 0.00000E+00 0.00000E+00 0.00000E+00 0.00000E+00 0.00000E+00 0.00000E+00 0.00000E+00 0.00000E+00 0.00000E+00 0.00000E+00 0.00000E+00 0.00000E+00 0.00000E+00 0.00000E+00 0.00000E+00 0.00000E+00 0.00000E+00 0.00000E+00 0.00000E+00 0.00000E+00 0.00000E+00 0.00000E+00 0.00000E+00 0.00000E+00 % lost data
0.00000E+00 0.00000E+00 0.00000E+00 0.00000E+00 0.00000E+00 0.00000E+00 0.00000E+00 0.00000E+00 0.00000E+00 0.00000E+00 0.00000E+00 0.00000E+00 0.00000E+00 0.00000E+00 0.00000E+00 0.00000E+00 0.00000E+00 0.00000E+00 0.00000E+00 0.00000E+00 0.00000E+00 0.00000E+00 0.00000E+00 0.00000E+00 0.00000E+00 0.00000E+00 0.00000E+00 0.00000E+00 0.00000E+00 0.00000E+00 0.00000E+00 0.00000E+00 0.00000E+00 0.00000E+00 0.00000E+00 % total
];

MAT_fuel_SF = [
0.00000E+00 0.00000E+00 0.00000E+00 0.00000E+00 0.00000E+00 0.00000E+00 0.00000E+00 0.00000E+00 0.00000E+00 0.00000E+00 0.00000E+00 0.00000E+00 0.00000E+00 0.00000E+00 0.00000E+00 0.00000E+00 0.00000E+00 0.00000E+00 0.00000E+00 0.00000E+00 0.00000E+00 0.00000E+00 0.00000E+00 0.00000E+00 0.00000E+00 0.00000E+00 0.00000E+00 0.00000E+00 0.00000E+00 0.00000E+00 0.00000E+00 0.00000E+00 0.00000E+00 0.00000E+00 0.00000E+00 % lost data
0.00000E+00 0.00000E+00 0.00000E+00 0.00000E+00 0.00000E+00 0.00000E+00 0.00000E+00 0.00000E+00 0.00000E+00 0.00000E+00 0.00000E+00 0.00000E+00 0.00000E+00 0.00000E+00 0.00000E+00 0.00000E+00 0.00000E+00 0.00000E+00 0.00000E+00 0.00000E+00 0.00000E+00 0.00000E+00 0.00000E+00 0.00000E+00 0.00000E+00 0.00000E+00 0.00000E+00 0.00000E+00 0.00000E+00 0.00000E+00 0.00000E+00 0.00000E+00 0.00000E+00 0.00000E+00 0.00000E+00 % total
];

MAT_fuel_GSRC = [
0.00000E+00 0.00000E+00 0.00000E+00 0.00000E+00 0.00000E+00 0.00000E+00 0.00000E+00 0.00000E+00 0.00000E+00 0.00000E+00 0.00000E+00 0.00000E+00 0.00000E+00 0.00000E+00 0.00000E+00 0.00000E+00 0.00000E+00 0.00000E+00 0.00000E+00 0.00000E+00 0.00000E+00 0.00000E+00 0.00000E+00 0.00000E+00 0.00000E+00 0.00000E+00 0.00000E+00 0.00000E+00 0.00000E+00 0.00000E+00 0.00000E+00 0.00000E+00 0.00000E+00 0.00000E+00 0.00000E+00 % lost data
0.00000E+00 0.00000E+00 0.00000E+00 0.00000E+00 0.00000E+00 0.00000E+00 0.00000E+00 0.00000E+00 0.00000E+00 0.00000E+00 0.00000E+00 0.00000E+00 0.00000E+00 0.00000E+00 0.00000E+00 0.00000E+00 0.00000E+00 0.00000E+00 0.00000E+00 0.00000E+00 0.00000E+00 0.00000E+00 0.00000E+00 0.00000E+00 0.00000E+00 0.00000E+00 0.00000E+00 0.00000E+00 0.00000E+00 0.00000E+00 0.00000E+00 0.00000E+00 0.00000E+00 0.00000E+00 0.00000E+00 % total
];

MAT_fuel_ING_TOX = [
0.00000E+00 0.00000E+00 0.00000E+00 0.00000E+00 0.00000E+00 0.00000E+00 0.00000E+00 0.00000E+00 0.00000E+00 0.00000E+00 0.00000E+00 0.00000E+00 0.00000E+00 0.00000E+00 0.00000E+00 0.00000E+00 0.00000E+00 0.00000E+00 0.00000E+00 0.00000E+00 0.00000E+00 0.00000E+00 0.00000E+00 0.00000E+00 0.00000E+00 0.00000E+00 0.00000E+00 0.00000E+00 0.00000E+00 0.00000E+00 0.00000E+00 0.00000E+00 0.00000E+00 0.00000E+00 0.00000E+00 % lost data
0.00000E+00 0.00000E+00 0.00000E+00 0.00000E+00 0.00000E+00 0.00000E+00 0.00000E+00 0.00000E+00 0.00000E+00 0.00000E+00 0.00000E+00 0.00000E+00 0.00000E+00 0.00000E+00 0.00000E+00 0.00000E+00 0.00000E+00 0.00000E+00 0.00000E+00 0.00000E+00 0.00000E+00 0.00000E+00 0.00000E+00 0.00000E+00 0.00000E+00 0.00000E+00 0.00000E+00 0.00000E+00 0.00000E+00 0.00000E+00 0.00000E+00 0.00000E+00 0.00000E+00 0.00000E+00 0.00000E+00 % total
];

