
ZAI = [
666
0
];

NAMES = [
'lost            '
'total           '
];

iLOST    = 1;
iTOT     = 2;

MAT_fuel_VOLUME = [ 1.07601E+04 1.07601E+04 1.07601E+04 1.07601E+04 1.07601E+04 1.07601E+04 1.07601E+04 1.07601E+04 1.07601E+04 1.07601E+04 1.07601E+04 1.07601E+04 1.07601E+04 1.07601E+04 1.07601E+04 1.07601E+04 1.07601E+04 1.07601E+04 1.07601E+04 1.07601E+04 1.07601E+04 1.07601E+04 1.07601E+04 1.07601E+04 1.07601E+04 1.07601E+04 1.07601E+04 1.07601E+04 1.07601E+04 1.07601E+04 1.07601E+04 1.07601E+04 1.07601E+04 1.07601E+04 1.07601E+04 ];

MAT_fuel_BURNUP = [ 0.00000E+00 3.42993E-02 6.85987E-02 1.37197E-01 2.05796E-01 2.74395E-01 3.42993E-01 6.85987E-01 1.02898E+00 1.37197E+00 1.71497E+00 2.05796E+00 2.40095E+00 2.74395E+00 3.08694E+00 3.42993E+00 3.77293E+00 4.11592E+00 5.14490E+00 6.17388E+00 7.20286E+00 8.23184E+00 9.26082E+00 1.02898E+01 1.13188E+01 1.23478E+01 1.44057E+01 1.64637E+01 1.85216E+01 2.26376E+01 2.67535E+01 3.08694E+01 3.49853E+01 3.91012E+01 4.32172E+01 ];

MAT_fuel_ADENS = [
0.00000E+00 8.47404E-16 1.69479E-15 3.38954E-15 5.08427E-15 6.77900E-15 8.47372E-15 1.69473E-14 2.54208E-14 3.38940E-14 4.23672E-14 5.08401E-14 5.93129E-14 6.77856E-14 7.62581E-14 8.47304E-14 9.32026E-14 1.01675E-13 1.27090E-13 1.52503E-13 1.77916E-13 2.03326E-13 2.28736E-13 2.54143E-13 2.79550E-13 3.04955E-13 3.55760E-13 4.06559E-13 4.57353E-13 5.58921E-13 6.60467E-13 7.61990E-13 8.63490E-13 9.64968E-13 1.06642E-12 % lost data
9.44901E-02 9.44902E-02 9.44902E-02 9.44903E-02 9.44904E-02 9.44905E-02 9.44906E-02 9.44912E-02 9.44917E-02 9.44923E-02 9.44928E-02 9.44934E-02 9.44939E-02 9.44945E-02 9.44950E-02 9.44955E-02 9.44961E-02 9.44966E-02 9.44983E-02 9.44999E-02 9.45015E-02 9.45032E-02 9.45048E-02 9.45064E-02 9.45081E-02 9.45097E-02 9.45129E-02 9.45162E-02 9.45195E-02 9.45260E-02 9.45325E-02 9.45391E-02 9.45456E-02 9.45521E-02 9.45586E-02 % total
];

MAT_fuel_MDENS = [
0.00000E+00 0.00000E+00 0.00000E+00 0.00000E+00 0.00000E+00 0.00000E+00 0.00000E+00 0.00000E+00 0.00000E+00 0.00000E+00 0.00000E+00 0.00000E+00 0.00000E+00 0.00000E+00 0.00000E+00 0.00000E+00 0.00000E+00 0.00000E+00 0.00000E+00 0.00000E+00 0.00000E+00 0.00000E+00 0.00000E+00 0.00000E+00 0.00000E+00 0.00000E+00 0.00000E+00 0.00000E+00 0.00000E+00 0.00000E+00 0.00000E+00 0.00000E+00 0.00000E+00 0.00000E+00 0.00000E+00 % lost data
5.90817E+00 5.90817E+00 5.90817E+00 5.90817E+00 5.90817E+00 5.90817E+00 5.90817E+00 5.90817E+00 5.90817E+00 5.90817E+00 5.90817E+00 5.90817E+00 5.90817E+00 5.90816E+00 5.90816E+00 5.90816E+00 5.90816E+00 5.90816E+00 5.90816E+00 5.90815E+00 5.90815E+00 5.90815E+00 5.90814E+00 5.90814E+00 5.90814E+00 5.90813E+00 5.90813E+00 5.90812E+00 5.90811E+00 5.90810E+00 5.90809E+00 5.90807E+00 5.90806E+00 5.90804E+00 5.90803E+00 % total
];

MAT_fuel_A = [
0.00000E+00 0.00000E+00 0.00000E+00 0.00000E+00 0.00000E+00 0.00000E+00 0.00000E+00 0.00000E+00 0.00000E+00 0.00000E+00 0.00000E+00 0.00000E+00 0.00000E+00 0.00000E+00 0.00000E+00 0.00000E+00 0.00000E+00 0.00000E+00 0.00000E+00 0.00000E+00 0.00000E+00 0.00000E+00 0.00000E+00 0.00000E+00 0.00000E+00 0.00000E+00 0.00000E+00 0.00000E+00 0.00000E+00 0.00000E+00 0.00000E+00 0.00000E+00 0.00000E+00 0.00000E+00 0.00000E+00 % lost data
4.82079E+08 6.09708E+16 6.39845E+16 6.66180E+16 6.79424E+16 6.88168E+16 6.94763E+16 7.14552E+16 7.25636E+16 7.33194E+16 7.38917E+16 7.43517E+16 7.47362E+16 7.50647E+16 7.53509E+16 7.56041E+16 7.58305E+16 7.60355E+16 7.65158E+16 7.69270E+16 7.72667E+16 7.75526E+16 7.77975E+16 7.80082E+16 7.81912E+16 7.83507E+16 7.85599E+16 7.87680E+16 7.89365E+16 7.90768E+16 7.92639E+16 7.94120E+16 7.95355E+16 7.96420E+16 7.97358E+16 % total
];

MAT_fuel_H = [
0.00000E+00 0.00000E+00 0.00000E+00 0.00000E+00 0.00000E+00 0.00000E+00 0.00000E+00 0.00000E+00 0.00000E+00 0.00000E+00 0.00000E+00 0.00000E+00 0.00000E+00 0.00000E+00 0.00000E+00 0.00000E+00 0.00000E+00 0.00000E+00 0.00000E+00 0.00000E+00 0.00000E+00 0.00000E+00 0.00000E+00 0.00000E+00 0.00000E+00 0.00000E+00 0.00000E+00 0.00000E+00 0.00000E+00 0.00000E+00 0.00000E+00 0.00000E+00 0.00000E+00 0.00000E+00 0.00000E+00 % lost data
3.56464E-04 2.49399E+04 2.54306E+04 2.57950E+04 2.59619E+04 2.60679E+04 2.61468E+04 2.63844E+04 2.65251E+04 2.66223E+04 2.66954E+04 2.67533E+04 2.68005E+04 2.68399E+04 2.68733E+04 2.69020E+04 2.69271E+04 2.69493E+04 2.69899E+04 2.70319E+04 2.70663E+04 2.70953E+04 2.71204E+04 2.71422E+04 2.71612E+04 2.71779E+04 2.71850E+04 2.72069E+04 2.72244E+04 2.72082E+04 2.72265E+04 2.72404E+04 2.72516E+04 2.72608E+04 2.72687E+04 % total
];

MAT_fuel_SF = [
0.00000E+00 0.00000E+00 0.00000E+00 0.00000E+00 0.00000E+00 0.00000E+00 0.00000E+00 0.00000E+00 0.00000E+00 0.00000E+00 0.00000E+00 0.00000E+00 0.00000E+00 0.00000E+00 0.00000E+00 0.00000E+00 0.00000E+00 0.00000E+00 0.00000E+00 0.00000E+00 0.00000E+00 0.00000E+00 0.00000E+00 0.00000E+00 0.00000E+00 0.00000E+00 0.00000E+00 0.00000E+00 0.00000E+00 0.00000E+00 0.00000E+00 0.00000E+00 0.00000E+00 0.00000E+00 0.00000E+00 % lost data
3.01138E+00 3.01154E+00 3.01185E+00 3.01292E+00 3.01464E+00 3.01704E+00 3.02016E+00 3.04700E+00 3.09321E+00 3.15907E+00 3.24461E+00 3.34980E+00 3.47463E+00 3.61911E+00 3.78320E+00 3.96697E+00 4.17043E+00 4.39358E+00 5.18194E+00 6.15067E+00 7.30348E+00 8.64584E+00 1.01853E+01 1.19311E+01 1.38948E+01 1.60900E+01 2.12447E+01 2.75576E+01 3.52358E+01 5.57507E+01 8.53891E+01 1.27551E+02 1.86390E+02 2.66887E+02 3.74689E+02 % total
];

MAT_fuel_GSRC = [
0.00000E+00 0.00000E+00 0.00000E+00 0.00000E+00 0.00000E+00 0.00000E+00 0.00000E+00 0.00000E+00 0.00000E+00 0.00000E+00 0.00000E+00 0.00000E+00 0.00000E+00 0.00000E+00 0.00000E+00 0.00000E+00 0.00000E+00 0.00000E+00 0.00000E+00 0.00000E+00 0.00000E+00 0.00000E+00 0.00000E+00 0.00000E+00 0.00000E+00 0.00000E+00 0.00000E+00 0.00000E+00 0.00000E+00 0.00000E+00 0.00000E+00 0.00000E+00 0.00000E+00 0.00000E+00 0.00000E+00 % lost data
6.13703E+08 8.89042E+16 9.14072E+16 9.39145E+16 9.53007E+16 9.62520E+16 9.69752E+16 9.90633E+16 1.00120E+17 1.00773E+17 1.01229E+17 1.01573E+17 1.01847E+17 1.02070E+17 1.02258E+17 1.02418E+17 1.02557E+17 1.02680E+17 1.02928E+17 1.03157E+17 1.03343E+17 1.03498E+17 1.03630E+17 1.03743E+17 1.03840E+17 1.03924E+17 1.03983E+17 1.04087E+17 1.04167E+17 1.04121E+17 1.04194E+17 1.04247E+17 1.04289E+17 1.04325E+17 1.04356E+17 % total
];

MAT_fuel_ING_TOX = [
0.00000E+00 0.00000E+00 0.00000E+00 0.00000E+00 0.00000E+00 0.00000E+00 0.00000E+00 0.00000E+00 0.00000E+00 0.00000E+00 0.00000E+00 0.00000E+00 0.00000E+00 0.00000E+00 0.00000E+00 0.00000E+00 0.00000E+00 0.00000E+00 0.00000E+00 0.00000E+00 0.00000E+00 0.00000E+00 0.00000E+00 0.00000E+00 0.00000E+00 0.00000E+00 0.00000E+00 0.00000E+00 0.00000E+00 0.00000E+00 0.00000E+00 0.00000E+00 0.00000E+00 0.00000E+00 0.00000E+00 % lost data
2.26468E+01 6.68252E+06 9.71319E+06 1.31806E+07 1.53092E+07 1.68613E+07 1.81083E+07 2.23618E+07 2.50489E+07 2.69155E+07 2.82754E+07 2.93014E+07 3.00993E+07 3.07366E+07 3.12589E+07 3.16974E+07 3.20736E+07 3.24027E+07 3.31912E+07 3.38104E+07 3.43231E+07 3.47618E+07 3.51453E+07 3.54843E+07 3.57872E+07 3.60599E+07 3.65173E+07 3.69166E+07 3.72622E+07 3.77998E+07 3.82797E+07 3.86974E+07 3.90717E+07 3.94137E+07 3.97303E+07 % total
];

