
DETEnergyDetector = [
    1    1    1    1     1     1     1    1    1    1  1.94372E-08 0.26392 
    2    2    1    1     1     1     1    1    1    1  8.52265E-09 0.44142 
    3    3    1    1     1     1     1    1    1    1  2.54616E-09 0.74803 
    4    4    1    1     1     1     1    1    1    1  1.23535E-08 0.44804 
    5    5    1    1     1     1     1    1    1    1  4.51909E-09 0.62730 
    6    6    1    1     1     1     1    1    1    1  1.16066E-08 0.39718 
    7    7    1    1     1     1     1    1    1    1  1.57512E-08 0.35407 
    8    8    1    1     1     1     1    1    1    1  8.19053E-09 0.46899 
    9    9    1    1     1     1     1    1    1    1  1.07911E-08 0.41903 
   10   10    1    1     1     1     1    1    1    1  6.64136E-09 0.50585 
   11   11    1    1     1     1     1    1    1    1  1.15938E-08 0.42224 
   12   12    1    1     1     1     1    1    1    1  6.08459E-08 0.55158 
   13   13    1    1     1     1     1    1    1    1  1.26381E-08 0.40657 
   14   14    1    1     1     1     1    1    1    1  1.69884E-08 0.34595 
   15   15    1    1     1     1     1    1    1    1  2.73548E-08 0.29571 
   16   16    1    1     1     1     1    1    1    1  5.27717E-08 0.63076 
   17   17    1    1     1     1     1    1    1    1  3.91095E-08 0.25231 
   18   18    1    1     1     1     1    1    1    1  2.77228E-08 0.29862 
   19   19    1    1     1     1     1    1    1    1  5.12043E-08 0.24173 
   20   20    1    1     1     1     1    1    1    1  8.24367E-08 0.42117 
   21   21    1    1     1     1     1    1    1    1  6.13285E-08 0.24716 
   22   22    1    1     1     1     1    1    1    1  5.41331E-08 0.22690 
   23   23    1    1     1     1     1    1    1    1  1.05259E-07 0.33843 
   24   24    1    1     1     1     1    1    1    1  7.26944E-08 0.20088 
   25   25    1    1     1     1     1    1    1    1  1.26976E-07 0.37633 
   26   26    1    1     1     1     1    1    1    1  1.69125E-07 0.29463 
   27   27    1    1     1     1     1    1    1    1  9.45927E-08 0.17962 
   28   28    1    1     1     1     1    1    1    1  1.97369E-07 0.50261 
   29   29    1    1     1     1     1    1    1    1  1.63106E-07 0.30083 
   30   30    1    1     1     1     1    1    1    1  2.62548E-07 0.23981 
   31   31    1    1     1     1     1    1    1    1  1.61137E-07 0.15490 
   32   32    1    1     1     1     1    1    1    1  3.26815E-07 0.27737 
   33   33    1    1     1     1     1    1    1    1  2.48447E-07 0.21310 
   34   34    1    1     1     1     1    1    1    1  2.68558E-07 0.19688 
   35   35    1    1     1     1     1    1    1    1  2.30800E-07 0.18536 
   36   36    1    1     1     1     1    1    1    1  3.69978E-07 0.23075 
   37   37    1    1     1     1     1    1    1    1  3.44348E-07 0.18743 
   38   38    1    1     1     1     1    1    1    1  4.67060E-07 0.20709 
   39   39    1    1     1     1     1    1    1    1  4.19521E-07 0.19386 
   40   40    1    1     1     1     1    1    1    1  4.13501E-07 0.15854 
   41   41    1    1     1     1     1    1    1    1  5.65529E-07 0.17263 
   42   42    1    1     1     1     1    1    1    1  6.62076E-07 0.15259 
   43   43    1    1     1     1     1    1    1    1  8.73579E-07 0.12294 
   44   44    1    1     1     1     1    1    1    1  8.48024E-07 0.14496 
   45   45    1    1     1     1     1    1    1    1  1.02531E-06 0.12719 
   46   46    1    1     1     1     1    1    1    1  1.10351E-06 0.10620 
   47   47    1    1     1     1     1    1    1    1  1.06761E-06 0.12149 
   48   48    1    1     1     1     1    1    1    1  1.49511E-06 0.11780 
   49   49    1    1     1     1     1    1    1    1  1.25190E-06 0.10476 
   50   50    1    1     1     1     1    1    1    1  1.91825E-06 0.11423 
   51   51    1    1     1     1     1    1    1    1  1.72407E-06 0.11638 
   52   52    1    1     1     1     1    1    1    1  2.37497E-06 0.11164 
   53   53    1    1     1     1     1    1    1    1  1.96128E-06 0.08251 
   54   54    1    1     1     1     1    1    1    1  2.56364E-06 0.09220 
   55   55    1    1     1     1     1    1    1    1  3.16074E-06 0.10525 
   56   56    1    1     1     1     1    1    1    1  3.06665E-06 0.07212 
   57   57    1    1     1     1     1    1    1    1  3.13842E-06 0.07230 
   58   58    1    1     1     1     1    1    1    1  4.38287E-06 0.08074 
   59   59    1    1     1     1     1    1    1    1  3.99333E-06 0.07637 
   60   60    1    1     1     1     1    1    1    1  5.19054E-06 0.07144 
   61   61    1    1     1     1     1    1    1    1  5.29574E-06 0.06292 
   62   62    1    1     1     1     1    1    1    1  6.12780E-06 0.06087 
   63   63    1    1     1     1     1    1    1    1  7.39895E-06 0.06015 
   64   64    1    1     1     1     1    1    1    1  7.71083E-06 0.05893 
   65   65    1    1     1     1     1    1    1    1  8.38347E-06 0.04882 
   66   66    1    1     1     1     1    1    1    1  9.44692E-06 0.05043 
   67   67    1    1     1     1     1    1    1    1  1.11928E-05 0.04607 
   68   68    1    1     1     1     1    1    1    1  1.17254E-05 0.04233 
   69   69    1    1     1     1     1    1    1    1  1.30533E-05 0.04127 
   70   70    1    1     1     1     1    1    1    1  1.40056E-05 0.04112 
   71   71    1    1     1     1     1    1    1    1  1.52418E-05 0.03997 
   72   72    1    1     1     1     1    1    1    1  1.79670E-05 0.03675 
   73   73    1    1     1     1     1    1    1    1  1.97979E-05 0.03575 
   74   74    1    1     1     1     1    1    1    1  1.96808E-05 0.03250 
   75   75    1    1     1     1     1    1    1    1  2.41791E-05 0.03117 
   76   76    1    1     1     1     1    1    1    1  2.59489E-05 0.03003 
   77   77    1    1     1     1     1    1    1    1  2.91210E-05 0.03107 
   78   78    1    1     1     1     1    1    1    1  3.26878E-05 0.03000 
   79   79    1    1     1     1     1    1    1    1  3.81091E-05 0.02547 
   80   80    1    1     1     1     1    1    1    1  3.99556E-05 0.02503 
   81   81    1    1     1     1     1    1    1    1  4.42519E-05 0.02508 
   82   82    1    1     1     1     1    1    1    1  4.99037E-05 0.02341 
   83   83    1    1     1     1     1    1    1    1  5.61367E-05 0.02177 
   84   84    1    1     1     1     1    1    1    1  6.15062E-05 0.02168 
   85   85    1    1     1     1     1    1    1    1  6.89146E-05 0.02202 
   86   86    1    1     1     1     1    1    1    1  7.41121E-05 0.01983 
   87   87    1    1     1     1     1    1    1    1  8.37209E-05 0.01976 
   88   88    1    1     1     1     1    1    1    1  9.02547E-05 0.01828 
   89   89    1    1     1     1     1    1    1    1  1.01103E-04 0.01756 
   90   90    1    1     1     1     1    1    1    1  1.13349E-04 0.01585 
   91   91    1    1     1     1     1    1    1    1  1.25626E-04 0.01581 
   92   92    1    1     1     1     1    1    1    1  1.38745E-04 0.01504 
   93   93    1    1     1     1     1    1    1    1  1.50450E-04 0.01403 
   94   94    1    1     1     1     1    1    1    1  1.72309E-04 0.01364 
   95   95    1    1     1     1     1    1    1    1  1.86327E-04 0.01254 
   96   96    1    1     1     1     1    1    1    1  2.07022E-04 0.01254 
   97   97    1    1     1     1     1    1    1    1  2.27275E-04 0.01199 
   98   98    1    1     1     1     1    1    1    1  2.49763E-04 0.01081 
   99   99    1    1     1     1     1    1    1    1  2.81791E-04 0.01100 
  100  100    1    1     1     1     1    1    1    1  3.09172E-04 0.01026 
  101  101    1    1     1     1     1    1    1    1  3.41986E-04 0.00952 
  102  102    1    1     1     1     1    1    1    1  3.74539E-04 0.00980 
  103  103    1    1     1     1     1    1    1    1  4.17359E-04 0.00865 
  104  104    1    1     1     1     1    1    1    1  4.66916E-04 0.00849 
