
=============================================================================================================================================================================

                                                                             Core map (t=0)

=============================================================================================================================================================================
 Block average:
  Blk ID          Volume Fission neutron           Power      Absorption     Scalar flux
       9        0.001328    0.000000e+00    0.000000e+00    1.497179e+01    1.009459e+02
      20        0.001174    0.000000e+00    0.000000e+00    0.000000e+00    5.732001e+00
      40        0.001290    0.000000e+00    0.000000e+00    0.000000e+00    5.820872e+00
      71        0.000037    3.451619e+02    4.596275e-09    2.096100e+02    6.436646e+01
      72        0.000063    3.379736e+02    4.500569e-09    2.052154e+02    6.300900e+01
      73        0.000095    3.279957e+02    4.367772e-09    1.991381e+02    6.092001e+01
      74        0.000127    3.147314e+02    4.191227e-09    1.910132e+02    5.807208e+01
      75        0.000158    2.991292e+02    3.983643e-09    1.814304e+02    5.453637e+01
      76        0.000190    2.823637e+02    3.760638e-09    1.711212e+02    5.040675e+01
      77        0.000222    2.683036e+02    3.573877e-09    1.621811e+02    4.579784e+01
      78        0.000222    2.720343e+02    3.624532e-09    1.634108e+02    4.141430e+01
      79        0.000127    0.000000e+00    0.000000e+00    5.267941e+00    3.890192e+01
      81        0.000028    3.767003e+02    5.016868e-09    2.292791e+02    6.960734e+01
      82        0.000047    3.692835e+02    4.918111e-09    2.246969e+02    6.817881e+01
      83        0.000071    3.593121e+02    4.785384e-09    2.185774e+02    6.595781e+01
      84        0.000095    3.455211e+02    4.601836e-09    2.100930e+02    6.293423e+01
      85        0.000118    3.281821e+02    4.371060e-09    1.994402e+02    5.918695e+01
      86        0.000142    3.110645e+02    4.143384e-09    1.888017e+02    5.483607e+01
      87        0.000166    2.980392e+02    3.970425e-09    1.803119e+02    5.002982e+01
      88        0.000166    3.052705e+02    4.067807e-09    1.835679e+02    4.553925e+01
      89        0.000095    0.000000e+00    0.000000e+00    5.846416e+00    4.297134e+01
     101        0.000048    6.217115e+02    8.279840e-09    3.765198e+02    1.101297e+02
     102        0.000083    6.101191e+02    8.125492e-09    3.695138e+02    1.078922e+02
     103        0.000124    5.926666e+02    7.893150e-09    3.588432e+02    1.044407e+02
     104        0.000166    5.706374e+02    7.599958e-09    3.452994e+02    9.975050e+01
     105        0.000207    5.435434e+02    7.239392e-09    3.287655e+02    9.394855e+01
     106        0.000249    5.158200e+02    6.870642e-09    3.116467e+02    8.723353e+01
     107        0.000290    4.966231e+02    6.615893e-09    2.992363e+02    7.983421e+01
     108        0.000290    5.150069e+02    6.862694e-09    3.082552e+02    7.277827e+01
     124        0.000161    0.000000e+00    0.000000e+00    2.315748e+00    2.007074e+01
     125        0.000129    0.000000e+00    0.000000e+00    1.551254e+00    1.514160e+01
     126        0.000142    0.000000e+00    0.000000e+00    1.120158e+00    1.185369e+01
     127        0.000155    0.000000e+00    0.000000e+00    8.082651e-01    8.911509e+00
     128        0.000204    0.000000e+00    0.000000e+00    5.451934e-01    5.794076e+00
     129        0.000233    0.000000e+00    0.000000e+00    0.000000e+00    4.324208e+00
     130        0.000401    0.000000e+00    0.000000e+00    0.000000e+00    3.307567e+00
     133        0.000038    0.000000e+00    0.000000e+00    2.147612e+00    1.601470e+01
     134        0.000031    0.000000e+00    0.000000e+00    1.395582e+00    1.160611e+01
     135        0.000034    0.000000e+00    0.000000e+00    9.933476e-01    8.942070e+00
     136        0.000037    0.000000e+00    0.000000e+00    7.067698e-01    6.653815e+00
     137        0.000048    0.000000e+00    0.000000e+00    4.779209e-01    4.359536e+00
     138        0.000055    0.000000e+00    0.000000e+00    0.000000e+00    3.810867e+00
     139        0.000095    0.000000e+00    0.000000e+00    0.000000e+00    3.188532e+00
     201        0.000048    8.648832e+02    1.151831e-08    5.245062e+02    1.529669e+02
     202        0.000083    8.488249e+02    1.130453e-08    5.146809e+02    1.499023e+02
     203        0.000124    8.246045e+02    1.098211e-08    4.998815e+02    1.451681e+02
     204        0.000166    7.936900e+02    1.057063e-08    4.808891e+02    1.387460e+02
     205        0.000207    7.577868e+02    1.009286e-08    4.588534e+02    1.308269e+02
     206        0.000249    7.216242e+02    9.611941e-09    4.363887e+02    1.217014e+02
     207        0.000290    7.003113e+02    9.329472e-09    4.222081e+02    1.117221e+02
     208        0.000290    7.378812e+02    9.832847e-09    4.417603e+02    1.022597e+02
     210        0.000352    0.000000e+00    0.000000e+00    3.747846e+01    2.105305e+01
     251        0.000428    0.000000e+00    0.000000e+00    4.355572e+01    3.397750e+01
     301        0.000048    1.035988e+03    1.379707e-08    6.289887e+02    1.835535e+02
     302        0.000083    1.017700e+03    1.355356e-08    6.176826e+02    1.799216e+02
     303        0.000124    9.898685e+02    1.318308e-08    6.005133e+02    1.742976e+02
     304        0.000166    9.530588e+02    1.269315e-08    5.779851e+02    1.666526e+02
     305        0.000207    9.107229e+02    1.212984e-08    5.519693e+02    1.572275e+02
     306        0.000249    8.684805e+02    1.156807e-08    5.257029e+02    1.463833e+02
     307        0.000290    8.466400e+02    1.127889e-08    5.107547e+02    1.345696e+02
     308        0.000290    8.969887e+02    1.195314e-08    5.372901e+02    1.233887e+02
     340        0.000101    0.000000e+00    0.000000e+00    4.144328e+01    3.025008e+01
     401        0.000048    1.124840e+03    1.498036e-08    6.832223e+02    1.994805e+02
     402        0.000083    1.106325e+03    1.473389e-08    6.717545e+02    1.955642e+02
     403        0.000124    1.076315e+03    1.433440e-08    6.534616e+02    1.894820e+02
     404        0.000166    1.036810e+03    1.380856e-08    6.290446e+02    1.811986e+02
     405        0.000207    9.901522e+02    1.318772e-08    6.003466e+02    1.709981e+02
     406        0.000249    9.455106e+02    1.259410e-08    5.723847e+02    1.592585e+02
     407        0.000290    9.218868e+02    1.228135e-08    5.563248e+02    1.464783e+02
     408        0.000290    9.801102e+02    1.306085e-08    5.872507e+02    1.343975e+02
     410        0.000387    0.000000e+00    0.000000e+00    1.787166e+01    2.228610e+01
     501        0.000048    1.123997e+03    1.496911e-08    6.828169e+02    1.994737e+02
     502        0.000083    1.105569e+03    1.472378e-08    6.714578e+02    1.955608e+02
     503        0.000124    1.075735e+03    1.432667e-08    6.530461e+02    1.894790e+02
     504        0.000166    1.036161e+03    1.379992e-08    6.286682e+02    1.811949e+02
     505        0.000207    9.901654e+02    1.318790e-08    6.002979e+02    1.709963e+02
     506        0.000249    9.447222e+02    1.258358e-08    5.720523e+02    1.592500e+02
     507        0.000290    9.218474e+02    1.228083e-08    5.563585e+02    1.464705e+02
     508        0.000290    9.802671e+02    1.306292e-08    5.872890e+02    1.343968e+02
     601        0.000048    1.036643e+03    1.380578e-08    6.292417e+02    1.835889e+02
     602        0.000083    1.017019e+03    1.354449e-08    6.173733e+02    1.799401e+02
     603        0.000124    9.897657e+02    1.318170e-08    6.006347e+02    1.743119e+02
     604        0.000166    9.532847e+02    1.269616e-08    5.781321e+02    1.666592e+02
     605        0.000207    9.106410e+02    1.212872e-08    5.518802e+02    1.572341e+02
     606        0.000249    8.684779e+02    1.156804e-08    5.256903e+02    1.463798e+02
     607        0.000290    8.455032e+02    1.126373e-08    5.101274e+02    1.345586e+02
     608        0.000290    8.969656e+02    1.195282e-08    5.373040e+02    1.233772e+02
     701        0.000048    8.640223e+02    1.150686e-08    5.240630e+02    1.530417e+02
     702        0.000083    8.476128e+02    1.128834e-08    5.139816e+02    1.499813e+02
     703        0.000124    8.254433e+02    1.099326e-08    5.003237e+02    1.452366e+02
     704        0.000166    7.935238e+02    1.056838e-08    4.808765e+02    1.387920e+02
     705        0.000207    7.571276e+02    1.008402e-08    4.584382e+02    1.308498e+02
     706        0.000249    7.208858e+02    9.602078e-09    4.359848e+02    1.216970e+02
     707        0.000290    6.996678e+02    9.320870e-09    4.218292e+02    1.117033e+02
     708        0.000290    7.364832e+02    9.814164e-09    4.409547e+02    1.022198e+02
     801        0.000048    6.202688e+02    8.260452e-09    3.756966e+02    1.102796e+02
     802        0.000083    6.081028e+02    8.098456e-09    3.683510e+02    1.080227e+02
     803        0.000124    5.910056e+02    7.870895e-09    3.578131e+02    1.045359e+02
     804        0.000166    5.684465e+02    7.570642e-09    3.440605e+02    9.980281e+01
     805        0.000207    5.410836e+02    7.206486e-09    3.272777e+02    9.395902e+01
     806        0.000249    5.131205e+02    6.834563e-09    3.100399e+02    8.718370e+01
     807        0.000290    4.938370e+02    6.578656e-09    2.974973e+02    7.972069e+01
     808        0.000290    5.113494e+02    6.813850e-09    3.060908e+02    7.259894e+01
    1000        0.000209    0.000000e+00    0.000000e+00    4.881697e+01    9.931737e+01
    1100        0.000294    0.000000e+00    0.000000e+00    1.794037e+02    9.854244e+01
    1200        0.005069    0.000000e+00    0.000000e+00    7.633561e+00    8.908294e+01
    1300        0.004085    0.000000e+00    0.000000e+00    5.132511e+00    7.529299e+01
    1400        0.004491    0.000000e+00    0.000000e+00    3.812815e+00    6.359779e+01
    1401        0.000020    0.000000e+00    0.000000e+00    1.698116e+01    3.855825e+01
    1402        0.000015    0.000000e+00    0.000000e+00    1.902531e+01    4.260040e+01
    1500        0.004896    0.000000e+00    0.000000e+00    2.874398e+00    5.229096e+01
    1501        0.000028    0.000000e+00    0.000000e+00    5.903038e+01    3.738859e+01
    1502        0.000021    0.000000e+00    0.000000e+00    6.677588e+01    4.136916e+01
    1600        0.006456    0.000000e+00    0.000000e+00    2.099540e+00    4.036827e+01
    1601        0.000484    0.000000e+00    0.000000e+00    3.185637e+00    3.170439e+01
    1602        0.000361    0.000000e+00    0.000000e+00    3.358605e+00    3.538569e+01
    1700        0.007346    0.000000e+00    0.000000e+00    1.434733e+00    2.806608e+01
    1701        0.000390    0.000000e+00    0.000000e+00    2.123205e+00    2.509098e+01
    1702        0.000291    0.000000e+00    0.000000e+00    2.254599e+00    2.819758e+01
    1800        0.012663    0.000000e+00    0.000000e+00    7.680353e-01    1.368385e+01
    1801        0.000428    0.000000e+00    0.000000e+00    1.544823e+00    2.013865e+01
    1802        0.000320    0.000000e+00    0.000000e+00    1.648998e+00    2.269578e+01
    1901        0.000467    0.000000e+00    0.000000e+00    1.126137e+00    1.548982e+01
    1902        0.000349    0.000000e+00    0.000000e+00    1.207111e+00    1.749376e+01
    2001        0.000616    0.000000e+00    0.000000e+00    7.646365e-01    1.020125e+01
    2002        0.000460    0.000000e+00    0.000000e+00    8.208852e-01    1.151707e+01
    2101        0.000701    0.000000e+00    0.000000e+00    0.000000e+00    6.194371e+00
    2102        0.000523    0.000000e+00    0.000000e+00    0.000000e+00    6.759072e+00
    2201        0.001208    0.000000e+00    0.000000e+00    0.000000e+00    3.729981e+00
    2202        0.000902    0.000000e+00    0.000000e+00    0.000000e+00    3.868157e+00

 Block max:
  Blk ID Fission neutron           Power      Absorption     Scalar flux
       9    0.000000e+00    0.000000e+00    1.918857e+01    1.289155e+02
      20    0.000000e+00    0.000000e+00    0.000000e+00    1.499396e+01
      40    0.000000e+00    0.000000e+00    0.000000e+00    1.597660e+01
      71    3.476302e+02    4.629136e-09    2.111125e+02    6.486086e+01
      72    3.428458e+02    4.565424e-09    2.081781e+02    6.400228e+01
      73    3.348708e+02    4.459278e-09    2.033327e+02    6.238197e+01
      74    3.246335e+02    4.323011e-09    1.970599e+02    6.022025e+01
      75    3.109670e+02    4.141149e-09    1.886795e+02    5.723227e+01
      76    2.960851e+02    3.943136e-09    1.795841e+02    5.378805e+01
      77    2.791984e+02    3.718569e-09    1.692669e+02    4.964446e+01
      78    2.935519e+02    3.911941e-09    1.748601e+02    4.523808e+01
      79    0.000000e+00    0.000000e+00    5.400124e+00    4.033644e+01
      81    3.791477e+02    5.049450e-09    2.307795e+02    7.012761e+01
      82    3.741933e+02    4.983468e-09    2.277072e+02    6.922854e+01
      83    3.666222e+02    4.882692e-09    2.230671e+02    6.751263e+01
      84    3.559496e+02    4.740643e-09    2.164923e+02    6.521547e+01
      85    3.407687e+02    4.538547e-09    2.071620e+02    6.204271e+01
      86    3.252423e+02    4.331966e-09    1.975901e+02    5.840021e+01
      87    3.138867e+02    4.182874e-09    1.872078e+02    5.404894e+01
      88    3.305168e+02    4.404979e-09    1.970886e+02    4.948450e+01
      89    0.000000e+00    0.000000e+00    5.978986e+00    4.450791e+01
     101    6.259395e+02    8.336132e-09    3.790876e+02    1.109457e+02
     102    6.184277e+02    8.236099e-09    3.745673e+02    1.095315e+02
     103    6.046221e+02    8.052307e-09    3.661342e+02    1.068548e+02
     104    5.876888e+02    7.826925e-09    3.556989e+02    1.032872e+02
     105    5.637205e+02    7.507879e-09    3.410885e+02    9.836488e+01
     106    5.380309e+02    7.166039e-09    3.253429e+02    9.271125e+01
     107    5.345359e+02    7.123444e-09    3.170312e+02    8.593979e+01
     108    5.643624e+02    7.522543e-09    3.335764e+02    7.875061e+01
     124    0.000000e+00    0.000000e+00    3.015873e+00    2.463584e+01
     125    0.000000e+00    0.000000e+00    2.012160e+00    1.832527e+01
     126    0.000000e+00    0.000000e+00    1.380885e+00    1.395110e+01
     127    0.000000e+00    0.000000e+00    1.003923e+00    1.073104e+01
     128    0.000000e+00    0.000000e+00    7.067954e-01    7.463001e+00
     129    0.000000e+00    0.000000e+00    0.000000e+00    5.258399e+00
     130    0.000000e+00    0.000000e+00    0.000000e+00    4.675618e+00
     133    0.000000e+00    0.000000e+00    2.906216e+00    2.085166e+01
     134    0.000000e+00    0.000000e+00    1.837721e+00    1.430341e+01
     135    0.000000e+00    0.000000e+00    1.235488e+00    1.062653e+01
     136    0.000000e+00    0.000000e+00    8.833400e-01    8.068393e+00
     137    0.000000e+00    0.000000e+00    6.206732e-01    5.601612e+00
     138    0.000000e+00    0.000000e+00    0.000000e+00    4.598261e+00
     139    0.000000e+00    0.000000e+00    0.000000e+00    4.389510e+00
     201    8.706081e+02    1.159453e-08    5.279955e+02    1.540837e+02
     202    8.601844e+02    1.145576e-08    5.216041e+02    1.521490e+02
     203    8.410668e+02    1.120126e-08    5.099225e+02    1.484784e+02
     204    8.167553e+02    1.087763e-08    4.949779e+02    1.435846e+02
     205    7.848066e+02    1.045237e-08    4.753987e+02    1.368521e+02
     206    7.502952e+02    9.993180e-09    4.541691e+02    1.291353e+02
     207    7.717119e+02    1.028434e-08    4.574918e+02    1.199188e+02
     208    8.212099e+02    1.094644e-08    4.852857e+02    1.102248e+02
     210    0.000000e+00    0.000000e+00    4.466772e+01    2.781883e+01
     251    0.000000e+00    0.000000e+00    5.190235e+01    4.437756e+01
     301    1.042739e+03    1.388696e-08    6.331094e+02    1.848773e+02
     302    1.030892e+03    1.372918e-08    6.257538e+02    1.825870e+02
     303    1.009093e+03    1.343899e-08    6.122831e+02    1.782336e+02
     304    9.804853e+02    1.305820e-08    5.947502e+02    1.724142e+02
     305    9.425828e+02    1.255374e-08    5.715111e+02    1.643968e+02
     306    9.018113e+02    1.201123e-08    5.464366e+02    1.552139e+02
     307    9.421380e+02    1.255565e-08    5.586541e+02    1.442725e+02
     308    1.004673e+03    1.339205e-08    5.939524e+02    1.327971e+02
     340    0.000000e+00    0.000000e+00    5.040760e+01    3.981201e+01
     401    1.132081e+03    1.507677e-08    6.876540e+02    2.009077e+02
     402    1.120526e+03    1.492293e-08    6.804517e+02    1.984411e+02
     403    1.097060e+03    1.461055e-08    6.661650e+02    1.937430e+02
     404    1.066467e+03    1.420329e-08    6.471842e+02    1.874400e+02
     405    1.024315e+03    1.364225e-08    6.213256e+02    1.787580e+02
     406    9.813528e+02    1.307065e-08    5.946957e+02    1.688186e+02
     407    1.029445e+03    1.371921e-08    6.105250e+02    1.569791e+02
     408    1.100614e+03    1.467097e-08    6.508278e+02    1.445595e+02
     410    0.000000e+00    0.000000e+00    2.087858e+01    2.947986e+01
     501    1.131101e+03    1.506370e-08    6.871764e+02    2.009002e+02
     502    1.119419e+03    1.490814e-08    6.799692e+02    1.984369e+02
     503    1.096505e+03    1.460316e-08    6.657567e+02    1.937401e+02
     504    1.065945e+03    1.419635e-08    6.468830e+02    1.874366e+02
     505    1.024445e+03    1.364400e-08    6.213365e+02    1.787564e+02
     506    9.806226e+02    1.306090e-08    5.944004e+02    1.688131e+02
     507    1.029467e+03    1.371951e-08    6.106056e+02    1.569704e+02
     508    1.100672e+03    1.467173e-08    6.508121e+02    1.445567e+02
     601    1.043443e+03    1.389631e-08    6.333868e+02    1.849184e+02
     602    1.030351e+03    1.372196e-08    6.255187e+02    1.826138e+02
     603    1.009049e+03    1.343839e-08    6.124447e+02    1.782521e+02
     604    9.808009e+02    1.306240e-08    5.949504e+02    1.724249e+02
     605    9.423983e+02    1.255125e-08    5.713640e+02    1.644058e+02
     606    9.019566e+02    1.201318e-08    5.465073e+02    1.552171e+02
     607    9.406638e+02    1.253598e-08    5.578549e+02    1.442662e+02
     608    1.004798e+03    1.339371e-08    5.940496e+02    1.327876e+02
     701    8.695144e+02    1.157997e-08    5.274289e+02    1.541567e+02
     702    8.586324e+02    1.143502e-08    5.207302e+02    1.522280e+02
     703    8.419765e+02    1.121336e-08    5.104132e+02    1.485572e+02
     704    8.166472e+02    1.087615e-08    4.950008e+02    1.436466e+02
     705    7.842466e+02    1.044486e-08    4.750380e+02    1.368921e+02
     706    7.497153e+02    9.985428e-09    4.538603e+02    1.291493e+02
     707    7.706243e+02    1.026981e-08    4.568562e+02    1.199118e+02
     708    8.193549e+02    1.092167e-08    4.842325e+02    1.102010e+02
     801    6.245508e+02    8.317460e-09    3.782955e+02    1.111019e+02
     802    6.165464e+02    8.210858e-09    3.734829e+02    1.096767e+02
     803    6.031369e+02    8.032389e-09    3.652023e+02    1.069745e+02
     804    5.855990e+02    7.798950e-09    3.545179e+02    1.033691e+02
     805    5.612583e+02    7.474935e-09    3.396079e+02    9.840907e+01
     806    5.355574e+02    7.132965e-09    3.238765e+02    9.270718e+01
     807    5.314718e+02    7.082510e-09    3.151134e+02    8.586921e+01
     808    5.607778e+02    7.474671e-09    3.314585e+02    7.860442e+01
    1000    0.000000e+00    0.000000e+00    6.178396e+01    1.238934e+02
    1100    0.000000e+00    0.000000e+00    2.301140e+02    1.236142e+02
    1200    0.000000e+00    0.000000e+00    1.234641e+01    1.218862e+02
    1300    0.000000e+00    0.000000e+00    8.021309e+00    1.064193e+02
    1400    0.000000e+00    0.000000e+00    5.680102e+00    9.015453e+01
    1401    0.000000e+00    0.000000e+00    1.705192e+01    3.892540e+01
    1402    0.000000e+00    0.000000e+00    1.909046e+01    4.299850e+01
    1500    0.000000e+00    0.000000e+00    4.316388e+00    7.620585e+01
    1501    0.000000e+00    0.000000e+00    5.999108e+01    3.808041e+01
    1502    0.000000e+00    0.000000e+00    6.787133e+01    4.209469e+01
    1600    0.000000e+00    0.000000e+00    3.248062e+00    6.185585e+01
    1601    0.000000e+00    0.000000e+00    4.174513e+00    3.693024e+01
    1602    0.000000e+00    0.000000e+00    4.381225e+00    4.091701e+01
    1700    0.000000e+00    0.000000e+00    2.308231e+00    4.578047e+01
    1701    0.000000e+00    0.000000e+00    2.731481e+00    2.955620e+01
    1702    0.000000e+00    0.000000e+00    2.886179e+00    3.310970e+01
    1800    0.000000e+00    0.000000e+00    1.559707e+00    3.037135e+01
    1801    0.000000e+00    0.000000e+00    1.889138e+00    2.335066e+01
    1802    0.000000e+00    0.000000e+00    2.009428e+00    2.627465e+01
    1901    0.000000e+00    0.000000e+00    1.386198e+00    1.840794e+01
    1902    0.000000e+00    0.000000e+00    1.480909e+00    2.076184e+01
    2001    0.000000e+00    0.000000e+00    9.851621e-01    1.306493e+01
    2002    0.000000e+00    0.000000e+00    1.055213e+00    1.475018e+01
    2101    0.000000e+00    0.000000e+00    0.000000e+00    7.865364e+00
    2102    0.000000e+00    0.000000e+00    0.000000e+00    8.649633e+00
    2201    0.000000e+00    0.000000e+00    0.000000e+00    5.734660e+00
    2202    0.000000e+00    0.000000e+00    0.000000e+00    6.066616e+00

